T1,T2,T3,position
"(0,(3,(1,2)));","(0,(1,(2,3)));","(0,(2,(1,3)));",
0.3836,0.2928,0.3236,0.000
0.3836,0.2928,0.3236,21665.000
0.3836,0.2928,0.3236,30906.000
0.3836,0.2928,0.3236,32017.000
0.3836,0.2928,0.3236,35074.000
0.3914,0.3082,0.3004,48059.000
0.325,0.329,0.346,53619.000
0.325,0.329,0.346,57559.000
0.325,0.329,0.346,61276.000
0.3329,0.3227,0.3444,75053.000
0.3329,0.3227,0.3444,88077.000
0.2853,0.4019,0.3128,133893.000
0.2532,0.4229,0.3239,148360.000
0.2359,0.4501,0.314,155137.000
0.2532,0.4229,0.3239,158104.000
0.2548,0.4125,0.3327,158147.000
0.2491,0.4137,0.3372,158857.000
0.2518,0.4004,0.3478,165548.000
0.2763,0.2808,0.4429,185581.000
0.2763,0.2808,0.4429,190100.000
0.2763,0.2808,0.4429,190144.000
0.2259,0.2637,0.5104,192686.000
0.2079,0.2507,0.5414,206189.000
0.2079,0.2507,0.5414,219334.000
0.2079,0.2507,0.5414,223048.000
0.2372,0.2768,0.486,226177.000
0.2356,0.2724,0.492,238266.000
0.2356,0.2724,0.492,245777.000
0.2428,0.2976,0.4596,252382.000
0.248,0.3234,0.4286,266106.000
0.248,0.3234,0.4286,275305.000
0.248,0.3234,0.4286,279276.000
0.248,0.3264,0.4256,279358.000
0.2728,0.3216,0.4056,285663.000
0.2848,0.3276,0.3876,288701.000
0.2414,0.4086,0.35,290759.000
0.2414,0.4086,0.35,299752.000
0.3092,0.4044,0.2864,302038.000
0.3208,0.364,0.3152,303001.000
0.3208,0.364,0.3152,315078.000
0.3268,0.352,0.3212,320712.000
0.3268,0.352,0.3212,324414.000
0.3288,0.3572,0.314,328967.000
0.3134,0.3294,0.3572,330326.000
0.2892,0.3228,0.388,331821.000
0.2722,0.3442,0.3836,349335.000
0.2722,0.3442,0.3836,353744.000
0.2722,0.3442,0.3836,355653.000
0.2542,0.3562,0.3896,356408.000
0.221,0.3722,0.4068,365278.000
0.221,0.3722,0.4068,368420.000
0.2084,0.3644,0.4272,380539.000
0.2044,0.3824,0.4132,385832.000
0.2044,0.3824,0.4132,389333.000
0.2044,0.3824,0.4132,408114.000
0.2044,0.3824,0.4132,429152.000
0.2032,0.3792,0.4176,431577.000
0.2032,0.3792,0.4176,435787.000
0.223,0.4764,0.3006,442942.000
0.223,0.4764,0.3006,455531.000
0.223,0.4764,0.3006,465748.000
0.223,0.4764,0.3006,471143.000
0.28,0.4212,0.2988,478280.000
0.28,0.4212,0.2988,480134.000
0.2752,0.3366,0.3882,481331.000
0.1992,0.3612,0.4396,494688.000
0.1992,0.3612,0.4396,504694.000
0.1992,0.3612,0.4396,504780.000
0.2052,0.3572,0.4376,519850.000
0.2412,0.4052,0.3536,556481.000
0.2226,0.4596,0.3178,559213.000
0.2026,0.3836,0.4138,565577.000
0.2234,0.3728,0.4038,578098.000
0.2234,0.3728,0.4038,579150.000
0.2234,0.3728,0.4038,597948.000
0.2254,0.3718,0.4028,602945.000
0.2254,0.3718,0.4028,608843.000
0.2254,0.3718,0.4028,610203.000
0.2094,0.3512,0.4394,612921.000
0.2094,0.3512,0.4394,624408.000
0.238,0.3578,0.4042,624985.000
0.2212,0.4142,0.3646,634206.000
0.2212,0.4142,0.3646,654976.000
0.1906,0.4276,0.3818,666970.000
0.1906,0.4276,0.3818,671042.000
0.1906,0.4276,0.3818,678218.000
0.1906,0.4276,0.3818,685235.000
0.1906,0.4276,0.3818,692063.000
0.1906,0.4276,0.3818,695929.000
0.1906,0.4276,0.3818,711375.000
0.1906,0.4276,0.3818,720691.000
0.1906,0.4276,0.3818,732883.000
0.1906,0.4276,0.3818,736036.000
0.2242,0.3372,0.4386,738150.000
0.2242,0.3372,0.4386,740699.000
0.2242,0.3372,0.4386,759867.000
0.2294,0.3414,0.4292,771615.000
0.2842,0.3612,0.3546,777429.000
0.287,0.35,0.363,783536.000
0.287,0.35,0.363,784869.000
0.267,0.354,0.379,823600.000
0.267,0.354,0.379,824371.000
0.267,0.354,0.379,828402.000
0.247,0.318,0.435,839149.000
0.259,0.306,0.435,848301.000
0.259,0.306,0.435,872307.000
0.259,0.306,0.435,873137.000
0.268,0.31,0.422,879458.000
0.272,0.304,0.424,902446.000
0.317,0.359,0.324,902484.000
0.305,0.369,0.326,926484.000
0.313,0.343,0.344,927541.000
0.3194,0.3398,0.3408,931484.000
0.2746,0.4414,0.284,937494.000
0.2986,0.4426,0.2588,961276.000
0.2986,0.4426,0.2588,964838.000
0.3036,0.4386,0.2578,989302.000
0.3134,0.4394,0.2472,989570.000
0.2926,0.4666,0.2408,995283.000
0.2926,0.4666,0.2408,1000205.000
0.2886,0.4706,0.2408,1005263.000
0.2678,0.4734,0.2588,1011304.000
0.2638,0.4814,0.2548,1027987.000
0.2419,0.5172,0.2409,1059907.000
0.2419,0.5172,0.2409,1062191.000
0.2389,0.5212,0.2399,1075534.000
0.2371,0.4954,0.2675,1109394.000
0.2349,0.4218,0.3433,1113600.000
0.2388,0.384,0.3772,1113707.000
0.2388,0.384,0.3772,1116111.000
0.2292,0.3584,0.4124,1127480.000
0.2292,0.3584,0.4124,1141916.000
0.2292,0.3584,0.4124,1160581.000
0.2292,0.3584,0.4124,1166459.000
0.2292,0.3584,0.4124,1192419.000
0.2352,0.3524,0.4124,1194823.000
0.2528,0.349,0.3982,1207633.000
0.2528,0.349,0.3982,1207725.000
0.2786,0.317,0.4044,1209499.000
0.2828,0.2986,0.4186,1221151.000
0.2738,0.2942,0.432,1222535.000
0.2758,0.2864,0.4378,1227470.000
0.2758,0.2864,0.4378,1235960.000
0.2758,0.2864,0.4378,1237814.000
0.2738,0.2942,0.432,1248294.000
0.2738,0.2942,0.432,1263468.000
0.2738,0.2942,0.432,1269210.000
0.2958,0.307,0.3972,1276397.000
0.2958,0.307,0.3972,1283170.000
0.2958,0.307,0.3972,1287795.000
0.2958,0.307,0.3972,1288695.000
0.3441,0.2926,0.3633,1294968.000
0.3207,0.3144,0.3649,1297887.000
0.3207,0.3144,0.3649,1321288.000
0.3052,0.3118,0.383,1324556.000
0.3052,0.3118,0.383,1326562.000
0.3052,0.3118,0.383,1337112.000
0.3004,0.324,0.3756,1345817.000
0.3004,0.324,0.3756,1349551.000
0.3172,0.3288,0.354,1353501.000
0.315,0.3382,0.3468,1354302.000
0.2702,0.4244,0.3054,1373613.000
0.2702,0.4244,0.3054,1377257.000
0.2702,0.4244,0.3054,1387381.000
0.1858,0.4508,0.3634,1387941.000
0.1858,0.4508,0.3634,1393352.000
0.2064,0.5224,0.2712,1405250.000
0.2707,0.4362,0.2931,1420393.000
0.2832,0.419,0.2978,1420543.000
0.366,0.3286,0.3054,1435285.000
0.366,0.3286,0.3054,1436627.000
0.366,0.3286,0.3054,1438215.000
0.366,0.3286,0.3054,1447687.000
0.358,0.3286,0.3134,1469002.000
0.3318,0.3286,0.3396,1487404.000
0.3318,0.3286,0.3396,1487481.000
0.3318,0.3266,0.3416,1497148.000
0.3289,0.3171,0.354,1499363.000
0.3445,0.2691,0.3864,1505485.000
0.3445,0.2691,0.3864,1510953.000
0.3157,0.3183,0.366,1513551.000
0.3157,0.3183,0.366,1521476.000
0.3257,0.3133,0.361,1523479.000
0.3257,0.3133,0.361,1527176.000
0.3421,0.2967,0.3612,1527566.000
0.3518,0.3036,0.3446,1542868.000
0.3518,0.3036,0.3446,1547075.000
0.3518,0.3036,0.3446,1566400.000
0.359,0.294,0.347,1569507.000
0.359,0.294,0.347,1574194.000
0.3398,0.2864,0.3738,1592277.000
0.3382,0.2974,0.3644,1595937.000
0.3605,0.3019,0.3376,1602304.000
0.3605,0.3019,0.3376,1613363.000
0.3873,0.3144,0.2983,1617548.000
0.3873,0.3144,0.2983,1619596.000
0.3913,0.3144,0.2943,1628052.000
0.3538,0.3329,0.3133,1649925.000
0.331,0.343,0.326,1654378.000
0.331,0.343,0.326,1660004.000
0.3249,0.3537,0.3214,1671888.000
0.3249,0.3537,0.3214,1705860.000
0.3003,0.3771,0.3226,1705934.000
0.2914,0.3744,0.3342,1715862.000
0.2994,0.37,0.3306,1728446.000
0.324,0.3516,0.3244,1732014.000
0.324,0.3516,0.3244,1747473.000
0.2625,0.4254,0.3121,1755749.000
0.2818,0.438,0.2802,1756046.000
0.2754,0.4312,0.2934,1756597.000
0.2576,0.4212,0.3212,1760924.000
0.2754,0.4312,0.2934,1761377.000
0.2906,0.4188,0.2906,1767704.000
0.2708,0.4564,0.2728,1774030.000
0.2616,0.4598,0.2786,1778053.000
0.2768,0.4486,0.2746,1779380.000
0.2744,0.4374,0.2882,1799829.000
0.2744,0.4374,0.2882,1802657.000
0.2944,0.3826,0.323,1808437.000
0.2944,0.3826,0.323,1813059.000
0.3092,0.411,0.2798,1814379.000
0.3092,0.411,0.2798,1818343.000
0.3228,0.3808,0.2964,1821329.000
0.3228,0.3808,0.2964,1826535.000
0.3252,0.382,0.2928,1837773.000
0.3252,0.382,0.2928,1842105.000
0.3052,0.3996,0.2952,1854953.000
0.3024,0.3992,0.2984,1855575.000
0.3436,0.3388,0.3176,1879549.000
0.3396,0.3428,0.3176,1886919.000
0.26,0.4136,0.3264,1896879.000
0.244,0.482,0.274,1909762.000
0.2424,0.4852,0.2724,1910796.000
0.2812,0.4096,0.3092,1914652.000
0.2812,0.4096,0.3092,1916132.000
0.2408,0.4864,0.2728,1917741.000
0.2408,0.4864,0.2728,1926894.000
0.2408,0.4864,0.2728,1930009.000
0.2408,0.4864,0.2728,1942425.000
0.3276,0.4028,0.2696,1947556.000
0.3142,0.403,0.2828,1948923.000
0.3214,0.4104,0.2682,1960386.000
0.3422,0.388,0.2698,1961848.000
0.3382,0.392,0.2698,1964672.000
0.3382,0.392,0.2698,1970210.000
0.3607,0.347,0.2923,1971987.000
0.3552,0.352,0.2928,1973323.000
0.3552,0.352,0.2928,1976929.000
0.3552,0.352,0.2928,1983639.000
0.3624,0.345,0.2926,1986548.000
0.3624,0.345,0.2926,1988380.000
0.3834,0.3345,0.2821,2000885.000
0.3834,0.3345,0.2821,2003027.000
0.3573,0.3207,0.322,2006614.000
0.3573,0.3207,0.322,2011719.000
0.3485,0.3299,0.3216,2018613.000
0.3485,0.3299,0.3216,2033669.000
0.3529,0.3389,0.3082,2034047.000
0.3529,0.3389,0.3082,2049054.000
0.3529,0.3389,0.3082,2052405.000
0.3504,0.3344,0.3152,2052843.000
0.3504,0.3344,0.3152,2060705.000
0.3266,0.3405,0.3329,2068641.000
0.3266,0.3405,0.3329,2073258.000
0.3266,0.3405,0.3329,2074673.000
0.3245,0.3447,0.3308,2082727.000
0.3472,0.3438,0.309,2091945.000
0.3525,0.3262,0.3213,2099524.000
0.3605,0.3182,0.3213,2102605.000
0.3605,0.3182,0.3213,2113109.000
0.3395,0.3498,0.3107,2116391.000
0.3045,0.3912,0.3043,2122712.000
0.3045,0.3912,0.3043,2138030.000
0.3045,0.3912,0.3043,2148310.000
0.3045,0.3912,0.3043,2151521.000
0.2948,0.405,0.3002,2153260.000
0.2789,0.4401,0.281,2160903.000
0.2733,0.4493,0.2774,2202249.000
0.2794,0.4452,0.2754,2203771.000
0.2794,0.4452,0.2754,2206180.000
0.2794,0.4452,0.2754,2206877.000
0.2794,0.4452,0.2754,2220278.000
0.2931,0.4188,0.2881,2221846.000
0.2931,0.4188,0.2881,2231336.000
0.3185,0.366,0.3155,2241326.000
0.3171,0.3708,0.3121,2246365.000
0.3195,0.366,0.3145,2252746.000
0.3195,0.366,0.3145,2260524.000
0.3195,0.366,0.3145,2264651.000
0.3178,0.3712,0.311,2272690.000
0.3154,0.376,0.3086,2276555.000
0.3304,0.3538,0.3158,2293103.000
0.3138,0.3544,0.3318,2297643.000
0.3199,0.3497,0.3304,2298822.000
0.3199,0.3497,0.3304,2310602.000
0.3286,0.3266,0.3448,2314012.000
0.3384,0.3232,0.3384,2314992.000
0.3384,0.3232,0.3384,2320380.000
0.3205,0.3536,0.3259,2322602.000
0.3349,0.3345,0.3306,2328832.000
0.3349,0.3345,0.3306,2330542.000
0.3237,0.3647,0.3116,2334769.000
0.3096,0.3918,0.2986,2336572.000
0.3076,0.3938,0.2986,2341563.000
0.3115,0.3667,0.3218,2354659.000
0.3002,0.3833,0.3165,2394141.000
0.2945,0.3889,0.3166,2397070.000
0.2748,0.4039,0.3213,2400145.000
0.2748,0.4039,0.3213,2415222.000
0.3009,0.379,0.3201,2419382.000
0.3097,0.3818,0.3085,2422450.000
0.3152,0.3778,0.307,2428116.000
0.307,0.3704,0.3226,2428968.000
0.3248,0.3574,0.3178,2436043.000
0.3225,0.3566,0.3209,2436115.000
0.315,0.3723,0.3127,2456297.000
0.315,0.3723,0.3127,2473667.000
0.3161,0.3748,0.3091,2473675.000
0.3236,0.3598,0.3166,2482700.000
0.3236,0.3598,0.3166,2483289.000
0.3232,0.3596,0.3172,2487239.000
0.3232,0.3606,0.3162,2491385.000
0.3316,0.348,0.3204,2493382.000
0.3316,0.348,0.3204,2496472.000
0.3316,0.348,0.3204,2504716.000
0.3314,0.3464,0.3222,2505327.000
0.3314,0.3464,0.3222,2519600.000
0.3314,0.3464,0.3222,2522058.000
0.32,0.3632,0.3168,2529595.000
0.3304,0.3614,0.3082,2530023.000
0.3304,0.3614,0.3082,2556847.000
0.3304,0.3614,0.3082,2569059.000
0.331,0.3596,0.3094,2569125.000
0.3209,0.3865,0.2926,2573851.000
0.3215,0.3805,0.298,2582002.000
0.3464,0.3613,0.2923,2589953.000
0.3464,0.3613,0.2923,2594058.000
0.3445,0.3604,0.2951,2595018.000
0.3445,0.3604,0.2951,2595080.000
0.3255,0.3763,0.2982,2596084.000
0.3245,0.3763,0.2992,2598340.000
0.3245,0.3763,0.2992,2608976.000
0.2707,0.4969,0.2324,2610181.000
0.2667,0.4755,0.2578,2612113.000
0.2616,0.4932,0.2452,2621893.000
0.2526,0.5033,0.2441,2622163.000
0.2564,0.4918,0.2518,2649793.000
0.2662,0.4692,0.2646,2651681.000
0.2756,0.457,0.2674,2662919.000
0.2799,0.4561,0.264,2678700.000
0.2799,0.4591,0.261,2707784.000
0.2799,0.4591,0.261,2708344.000
0.2799,0.4591,0.261,2711380.000
0.3171,0.3967,0.2862,2714232.000
0.3092,0.3991,0.2917,2722598.000
0.3201,0.3837,0.2962,2724789.000
0.3273,0.369,0.3037,2729422.000
0.3273,0.369,0.3037,2741205.000
0.3307,0.3557,0.3136,2757973.000
0.3265,0.3578,0.3157,2764109.000
0.3123,0.3704,0.3173,2764121.000
0.3123,0.3704,0.3173,2768543.000
0.3009,0.3935,0.3056,2771648.000
0.2908,0.4008,0.3084,2791841.000
0.3241,0.3881,0.2878,2792310.000
0.3351,0.3719,0.293,2821954.000
0.3351,0.3719,0.293,2823406.000
0.3426,0.3512,0.3062,2828959.000
0.3426,0.3512,0.3062,2835682.000
0.3426,0.3512,0.3062,2850033.000
0.3286,0.3644,0.307,2865863.000
0.2949,0.3748,0.3303,2878164.000
0.2949,0.3748,0.3303,2904809.000
0.2932,0.3856,0.3212,2921591.000
0.2847,0.3876,0.3277,2925885.000
0.2847,0.3876,0.3277,2928549.000
0.2818,0.4142,0.304,2939544.000
0.329,0.3658,0.3052,2945735.000
0.3348,0.3574,0.3078,2946409.000
0.3494,0.3337,0.3169,2952727.000
0.3674,0.3212,0.3114,2956474.000
0.3674,0.3212,0.3114,2965756.000
0.381,0.305,0.314,2972929.000
0.3634,0.3054,0.3312,3003620.000
0.3136,0.3162,0.3702,3016577.000
0.3176,0.3122,0.3702,3029292.000
0.2966,0.319,0.3844,3029731.000
0.2966,0.319,0.3844,3033371.000
0.3006,0.3488,0.3506,3047957.000
0.3204,0.3704,0.3092,3049096.000
0.318,0.3579,0.3241,3052985.000
0.312,0.3887,0.2993,3075788.000
0.318,0.3579,0.3241,3079064.000
0.309,0.3739,0.3171,3088361.000
0.2826,0.4603,0.2571,3089381.000
0.2662,0.5903,0.1435,3104242.000
0.2722,0.5848,0.143,3109529.000
0.2722,0.5848,0.143,3115628.000
0.2542,0.5803,0.1655,3119168.000
0.2312,0.6258,0.143,3136619.000
0.2339,0.6231,0.143,3173800.000
0.2339,0.6231,0.143,3187773.000
0.249,0.6116,0.1394,3192456.000
0.217,0.6516,0.1314,3199260.000
0.2326,0.5931,0.1743,3206724.000
0.2326,0.5931,0.1743,3219737.000
0.2342,0.5937,0.1721,3232022.000
0.2296,0.5941,0.1763,3240787.000
0.2296,0.5941,0.1763,3251753.000
0.2194,0.5745,0.2061,3281980.000
0.2592,0.5207,0.2201,3287089.000
0.2592,0.5207,0.2201,3293042.000
0.2668,0.5085,0.2247,3294572.000
0.2934,0.4787,0.2279,3298394.000
0.2916,0.4833,0.2251,3299144.000
0.293,0.4805,0.2265,3301469.000
0.349,0.4129,0.2381,3306391.000
0.2485,0.526,0.2255,3309263.000
0.2757,0.4694,0.2549,3320431.000
0.2757,0.4694,0.2549,3335972.000
0.2817,0.444,0.2743,3338619.000
0.2705,0.4592,0.2703,3339783.000
0.2463,0.5016,0.2521,3344993.000
0.2562,0.4883,0.2555,3364310.000
0.2615,0.517,0.2215,3376025.000
0.2694,0.4997,0.2309,3376101.000
0.3036,0.4333,0.2631,3383002.000
0.3036,0.4333,0.2631,3383061.000
0.3036,0.4333,0.2631,3390950.000
0.3141,0.4123,0.2736,3396065.000
0.2918,0.4574,0.2508,3403636.000
0.3,0.456,0.244,3412876.000
0.3,0.456,0.244,3412906.000
0.3702,0.3896,0.2402,3414606.000
0.3758,0.3298,0.2944,3424465.000
0.3758,0.3298,0.2944,3432046.000
0.3758,0.3298,0.2944,3436630.000
0.3845,0.2949,0.3206,3445607.000
0.3932,0.261,0.3458,3465802.000
0.3932,0.261,0.3458,3482883.000
0.3192,0.4295,0.2513,3517378.000
0.2738,0.52,0.2062,3537151.000
0.2738,0.52,0.2062,3542075.000
0.2948,0.3595,0.3457,3551003.000
0.2948,0.3595,0.3457,3557191.000
0.2964,0.4137,0.2899,3557748.000
0.2936,0.4156,0.2908,3557954.000
0.2896,0.4338,0.2766,3565932.000
0.2744,0.4366,0.289,3574069.000
0.3274,0.4018,0.2708,3580978.000
0.3176,0.4306,0.2518,3595835.000
0.3536,0.3258,0.3206,3597552.000
0.353,0.3138,0.3332,3605669.000
0.3614,0.3253,0.3133,3612439.000
0.3583,0.3385,0.3032,3614726.000
0.3661,0.333,0.3009,3636564.000
0.3727,0.3487,0.2786,3640023.000
0.3757,0.3457,0.2786,3655065.000
0.3757,0.3457,0.2786,3657868.000
0.3608,0.3272,0.312,3671556.000
0.3552,0.3115,0.3333,3676593.000
0.3512,0.2769,0.3719,3686989.000
0.387,0.2814,0.3316,3691658.000
0.4042,0.3012,0.2946,3700878.000
0.3892,0.332,0.2788,3714037.000
0.3808,0.3406,0.2786,3748586.000
0.3614,0.3598,0.2788,3768991.000
0.3774,0.3318,0.2908,3777533.000
0.3654,0.3554,0.2792,3780452.000
0.3448,0.3776,0.2776,3783629.000
0.3338,0.3691,0.2971,3820333.000
0.3076,0.3629,0.3295,3822948.000
0.3188,0.3341,0.3471,3824895.000
0.3188,0.3341,0.3471,3832264.000
0.3275,0.343,0.3295,3844436.000
0.3275,0.343,0.3295,3858278.000
0.3377,0.3149,0.3474,3872319.000
0.3256,0.3334,0.341,3874948.000
0.3086,0.3676,0.3238,3878387.000
0.3006,0.3806,0.3188,3880197.000
0.2926,0.3696,0.3378,3881075.000
0.2819,0.3937,0.3244,3889115.000
0.2819,0.3937,0.3244,3910563.000
0.2708,0.3839,0.3453,3916770.000
0.2902,0.3495,0.3603,3924360.000
0.2902,0.3495,0.3603,3935190.000
0.2902,0.3495,0.3603,3946792.000
0.2985,0.3765,0.325,3950408.000
0.2995,0.3785,0.322,3963365.000
0.3095,0.3775,0.313,3985941.000
0.3095,0.3775,0.313,3989966.000
0.3335,0.3375,0.329,4005415.000
0.328,0.3435,0.3285,4012802.000
0.328,0.3435,0.3285,4035932.000
0.328,0.3435,0.3285,4060798.000
0.296,0.38,0.324,4091936.000
0.296,0.38,0.324,4096964.000
0.296,0.38,0.324,4099450.000
0.302,0.362,0.336,4100626.000
0.259,0.388,0.353,4101698.000
0.259,0.388,0.353,4103911.000
0.2375,0.396,0.3665,4106049.000
0.2435,0.378,0.3785,4107132.000
0.246,0.395,0.359,4116885.000
0.246,0.395,0.359,4125441.000
0.246,0.395,0.359,4130599.000
0.256,0.367,0.377,4138994.000
0.249,0.355,0.396,4153512.000
0.245,0.363,0.392,4154218.000
0.2414,0.3474,0.4112,4155973.000
0.2414,0.3474,0.4112,4157009.000
0.2414,0.3474,0.4112,4161954.000
0.2404,0.3464,0.4132,4163008.000
0.2468,0.3528,0.4004,4170067.000
0.2478,0.3538,0.3984,4175087.000
0.2594,0.3654,0.3752,4184242.000
0.2594,0.3654,0.3752,4189013.000
0.2478,0.3486,0.4036,4207894.000
0.2506,0.3316,0.4178,4210765.000
0.262,0.325,0.413,4210996.000
0.2742,0.3403,0.3855,4213995.000
0.2747,0.3708,0.3545,4214796.000
0.2747,0.3708,0.3545,4217704.000
0.2601,0.3994,0.3405,4224339.000
0.2627,0.343,0.3943,4230029.000
0.2627,0.343,0.3943,4240371.000
0.2627,0.343,0.3943,4247335.000
0.2627,0.343,0.3943,4270034.000
0.2581,0.3251,0.4168,4271145.000
0.2581,0.3251,0.4168,4272192.000
0.2581,0.3251,0.4168,4275196.000
0.2713,0.3407,0.388,4291073.000
0.2713,0.3407,0.388,4297838.000
0.272,0.3353,0.3927,4303078.000
0.3236,0.3583,0.3181,4303658.000
0.32,0.3655,0.3145,4308266.000
0.322,0.3615,0.3165,4308755.000
0.321,0.354,0.325,4320509.000
0.321,0.354,0.325,4330452.000
0.3215,0.3585,0.32,4338279.000
0.323,0.356,0.321,4350043.000
0.2762,0.4518,0.272,4374332.000
0.2762,0.4518,0.272,4377642.000
0.2756,0.4392,0.2852,4379127.000
0.2752,0.4368,0.288,4383428.000
0.2752,0.4368,0.288,4402333.000
0.2594,0.4464,0.2942,4403815.000
0.2492,0.4726,0.2782,4404618.000
0.2492,0.4666,0.2842,4491708.000
0.2486,0.4502,0.3012,4496573.000
0.2449,0.4599,0.2952,4501203.000
0.2665,0.3591,0.3744,4503647.000
0.2952,0.3826,0.3222,4511490.000
0.322,0.3508,0.3272,4517226.000
0.3164,0.344,0.3396,4519182.000
0.3182,0.3488,0.333,4523298.000
0.3146,0.3672,0.3182,4523775.000
0.3306,0.344,0.3254,4528938.000
0.316,0.363,0.321,4543692.000
0.305,0.333,0.362,4555319.000
0.279,0.344,0.377,4557808.000
0.279,0.344,0.377,4563800.000
0.279,0.344,0.377,4570505.000
0.2715,0.3475,0.381,4585129.000
0.2715,0.3475,0.381,4588690.000
0.2715,0.3475,0.381,4592869.000
0.271,0.3425,0.3865,4609893.000
0.291,0.3295,0.3795,4611711.000
0.282,0.351,0.367,4620971.000
0.282,0.351,0.367,4633214.000
0.282,0.351,0.367,4647800.000
0.282,0.351,0.367,4649077.000
0.2885,0.332,0.3795,4665059.000
0.2885,0.332,0.3795,4670507.000
0.2975,0.335,0.3675,4675764.000
0.299,0.326,0.375,4712957.000
0.299,0.326,0.375,4713091.000
0.3035,0.329,0.3675,4714677.000
0.3035,0.329,0.3675,4724791.000
0.284,0.311,0.405,4724920.000
0.291,0.309,0.4,4735046.000
0.2865,0.3005,0.413,4740276.000
0.2865,0.3005,0.413,4741379.000
0.2765,0.2935,0.43,4761152.000
0.272,0.29,0.438,4765128.000
0.272,0.29,0.438,4782648.000
0.27,0.273,0.457,4793306.000
0.27,0.273,0.457,4799477.000
0.261,0.258,0.481,4800297.000
0.2694,0.2562,0.4744,4822432.000
0.2694,0.2562,0.4744,4854532.000
0.2902,0.2463,0.4635,4864363.000
0.3396,0.2649,0.3955,4870244.000
0.3526,0.2814,0.366,4873358.000
0.3526,0.2814,0.366,4879816.000
0.4022,0.2599,0.3379,4926542.000
0.4022,0.2599,0.3379,4935475.000
0.3972,0.2384,0.3644,4944279.000
0.3972,0.2384,0.3644,4944807.000
0.3675,0.2355,0.397,4953472.000
0.3438,0.2616,0.3946,4953921.000
0.3384,0.2848,0.3768,4966076.000
0.333,0.308,0.359,4976132.000
0.333,0.31,0.357,4989065.000
0.333,0.31,0.357,4992037.000
0.333,0.31,0.357,4996988.000
0.3188,0.3291,0.3521,5013374.000
0.3156,0.3437,0.3407,5017021.000
0.3391,0.3301,0.3308,5018537.000
0.3391,0.3301,0.3308,5038019.000
0.3819,0.3017,0.3164,5068307.000
0.3819,0.3017,0.3164,5069164.000
0.3604,0.3169,0.3227,5089695.000
0.328,0.3475,0.3245,5101056.000
0.3071,0.3606,0.3323,5104651.000
0.3071,0.3606,0.3323,5107513.000
0.3071,0.3606,0.3323,5121386.000
0.3071,0.3606,0.3323,5127969.000
0.3071,0.3606,0.3323,5132893.000
0.3071,0.3606,0.3323,5150850.000
0.3215,0.3405,0.338,5153824.000
0.3209,0.3183,0.3608,5162091.000
0.3209,0.3183,0.3608,5169741.000
0.3539,0.3099,0.3362,5184012.000
0.3452,0.2992,0.3556,5189823.000
0.3452,0.2992,0.3556,5191923.000
0.3884,0.231,0.3806,5196971.000
0.3884,0.231,0.3806,5212528.000
0.3884,0.231,0.3806,5227667.000
0.3542,0.2352,0.4106,5231830.000
0.3544,0.2594,0.3862,5232491.000
0.323,0.276,0.401,5242737.000
0.3446,0.2436,0.4118,5253632.000
0.3623,0.2321,0.4056,5262311.000
0.3496,0.2541,0.3963,5282485.000
0.3469,0.2681,0.385,5298180.000
0.3287,0.3023,0.369,5309845.000
0.3287,0.3023,0.369,5313984.000
0.3294,0.3022,0.3684,5315656.000
0.329,0.3058,0.3652,5321905.000
0.3125,0.2981,0.3894,5326519.000
0.3092,0.3055,0.3853,5331517.000
0.3092,0.3055,0.3853,5351640.000
0.3168,0.3015,0.3817,5353882.000
0.3164,0.2955,0.3881,5360010.000
0.3344,0.2937,0.3719,5366916.000
0.3135,0.2907,0.3958,5367070.000
0.369,0.3174,0.3136,5387299.000
0.369,0.3174,0.3136,5395092.000
0.369,0.3154,0.3156,5397026.000
0.366,0.3144,0.3196,5401037.000
0.3608,0.3174,0.3218,5403010.000
0.3573,0.3283,0.3144,5433135.000
0.3513,0.3283,0.3204,5443742.000
0.3513,0.3283,0.3204,5446973.000
0.3452,0.347,0.3078,5449054.000
0.339,0.3488,0.3122,5449928.000
0.3294,0.3414,0.3292,5451036.000
0.3321,0.3421,0.3258,5462035.000
0.3321,0.3421,0.3258,5462257.000
0.3265,0.3313,0.3422,5479079.000
0.3195,0.3343,0.3462,5498909.000
0.3195,0.3343,0.3462,5501825.000
0.3195,0.3343,0.3462,5503848.000
0.3195,0.3343,0.3462,5504555.000
0.3175,0.3383,0.3442,5505950.000
0.3175,0.3383,0.3442,5508771.000
0.3175,0.3383,0.3442,5509660.000
0.3174,0.3378,0.3448,5520831.000
0.3164,0.3248,0.3588,5523058.000
0.3164,0.3248,0.3588,5523131.000
0.3198,0.3334,0.3468,5527138.000
0.3114,0.325,0.3636,5532031.000
0.3165,0.3266,0.3569,5543089.000
0.306,0.341,0.353,5548441.000
0.3104,0.3516,0.338,5555543.000
0.318,0.343,0.339,5558459.000
0.318,0.343,0.339,5568901.000
0.3688,0.3134,0.3178,5571904.000
0.3448,0.294,0.3612,5579364.000
0.3448,0.294,0.3612,5581463.000
0.3312,0.262,0.4068,5592738.000
0.3196,0.251,0.4294,5594863.000
0.3252,0.2614,0.4134,5599870.000
0.3175,0.2772,0.4053,5603261.000
0.3269,0.29,0.3831,5604664.000
0.2929,0.3044,0.4027,5613174.000
0.2548,0.3706,0.3746,5616611.000
0.2548,0.3706,0.3746,5617648.000
0.2548,0.3706,0.3746,5619496.000
0.2548,0.3706,0.3746,5634008.000
0.2676,0.3938,0.3386,5660430.000
0.2767,0.3612,0.3621,5664708.000
0.2506,0.437,0.3124,5670619.000
0.2506,0.437,0.3124,5670747.000
0.2825,0.3752,0.3423,5673748.000
0.2825,0.3752,0.3423,5673978.000
0.3079,0.3711,0.321,5676951.000
0.2926,0.3943,0.3131,5677409.000
0.2738,0.4134,0.3128,5692521.000
0.2926,0.3943,0.3131,5693414.000
0.2872,0.3913,0.3215,5697231.000
0.315,0.393,0.292,5707459.000
0.3119,0.3894,0.2987,5708563.000
0.314,0.3966,0.2894,5709205.000
0.2878,0.4288,0.2834,5712611.000
0.2616,0.461,0.2774,5717229.000
0.2616,0.461,0.2774,5720972.000
0.2805,0.4454,0.2741,5723005.000
0.2712,0.419,0.3098,5732110.000
0.2498,0.4113,0.3389,5733747.000
0.2574,0.4438,0.2988,5746777.000
0.2859,0.4196,0.2945,5751144.000
0.2691,0.4492,0.2817,5764434.000
0.2503,0.4546,0.2951,5797524.000
0.2788,0.4192,0.302,5798150.000
0.2774,0.3992,0.3234,5801025.000
0.2794,0.3804,0.3402,5810187.000
0.2966,0.3608,0.3426,5818824.000
0.2832,0.3408,0.376,5827097.000
0.2842,0.3388,0.377,5830795.000
0.2766,0.3392,0.3842,5834057.000
0.2766,0.3392,0.3842,5834298.000
0.2668,0.3456,0.3876,5840064.000
0.2821,0.3453,0.3726,5843615.000
0.2857,0.3339,0.3804,5860332.000
0.3109,0.3402,0.3489,5862477.000
0.3109,0.3402,0.3489,5870734.000
0.2958,0.3383,0.3659,5875405.000
0.2958,0.3383,0.3659,5880615.000
0.2958,0.3383,0.3659,5895850.000
0.297,0.3354,0.3676,5901721.000
0.3044,0.3398,0.3558,5947293.000
0.3068,0.3438,0.3494,5963469.000
0.3042,0.3586,0.3372,5972415.000
0.3042,0.3586,0.3372,5976381.000
0.3362,0.3494,0.3144,5977109.000
0.3288,0.3676,0.3036,5982561.000
0.3156,0.386,0.2984,5998264.000
0.3224,0.3704,0.3072,5999326.000
0.3224,0.3704,0.3072,6003398.000
0.3224,0.3704,0.3072,6005720.000
0.3224,0.3704,0.3072,6006906.000
0.3078,0.3644,0.3278,6007044.000
0.3088,0.3644,0.3268,6011845.000
0.3116,0.3582,0.3302,6012869.000
0.3138,0.35,0.3362,6023617.000
0.2982,0.3893,0.3125,6042576.000
0.3034,0.3863,0.3103,6059182.000
0.3131,0.4109,0.276,6068343.000
0.3131,0.4109,0.276,6075978.000
0.3131,0.4109,0.276,6076709.000
0.2841,0.4663,0.2496,6088439.000
0.2719,0.4955,0.2326,6102103.000
0.2635,0.5279,0.2086,6108137.000
0.2635,0.5279,0.2086,6113504.000
0.2635,0.5279,0.2086,6146733.000
0.2794,0.4948,0.2258,6148318.000
0.278,0.5002,0.2218,6166226.000
0.246,0.5726,0.1814,6168722.000
0.246,0.5726,0.1814,6177728.000
0.246,0.5726,0.1814,6184522.000
0.2685,0.5437,0.1878,6187543.000
0.2695,0.5407,0.1898,6188137.000
0.2695,0.5407,0.1898,6188892.000
0.2625,0.5407,0.1968,6189101.000
0.2625,0.5407,0.1968,6215946.000
0.2277,0.5669,0.2054,6220868.000
0.2277,0.5669,0.2054,6229496.000
0.3089,0.4123,0.2788,6229612.000
0.3089,0.4123,0.2788,6231468.000
0.3089,0.4123,0.2788,6233041.000
0.3149,0.4234,0.2617,6233627.000
0.3149,0.4234,0.2617,6235495.000
0.301,0.4057,0.2933,6269401.000
0.301,0.4057,0.2933,6300948.000
0.3034,0.3948,0.3018,6306539.000
0.3028,0.3644,0.3328,6310506.000
0.2977,0.3685,0.3338,6327189.000
0.313,0.3986,0.2884,6332669.000
0.292,0.414,0.294,6339559.000
0.174,0.5655,0.2605,6345358.000
0.2179,0.5144,0.2677,6348976.000
0.2179,0.5144,0.2677,6366711.000
0.2385,0.511,0.2505,6369907.000
0.2734,0.4362,0.2904,6376000.000
0.2655,0.4718,0.2627,6383864.000
0.2655,0.4718,0.2627,6395122.000
0.2655,0.4718,0.2627,6404660.000
0.2731,0.463,0.2639,6425738.000
0.282,0.4476,0.2704,6433021.000
0.282,0.4476,0.2704,6443609.000
0.2834,0.447,0.2696,6452129.000
0.2834,0.447,0.2696,6466120.000
0.2286,0.5428,0.2286,6472335.000
0.2636,0.4978,0.2386,6477050.000
0.2752,0.4506,0.2742,6481126.000
0.2752,0.4506,0.2742,6504350.000
0.2752,0.4506,0.2742,6514226.000
0.2767,0.4231,0.3002,6523238.000
0.2767,0.4231,0.3002,6570972.000
0.2767,0.4231,0.3002,6576922.000
0.2368,0.4804,0.2828,6577020.000
0.2368,0.4804,0.2828,6578818.000
0.3316,0.433,0.2354,6600520.000
0.3329,0.4282,0.2389,6618182.000
0.3329,0.4282,0.2389,6620193.000
0.3413,0.3934,0.2653,6658115.000
0.3549,0.3826,0.2625,6665843.000
0.3607,0.3807,0.2586,6669696.000
0.3607,0.3807,0.2586,6672545.000
0.3667,0.3807,0.2526,6686263.000
0.3586,0.3715,0.2699,6694437.000
0.3586,0.3715,0.2699,6697349.000
0.3526,0.3795,0.2679,6705849.000
0.3526,0.3795,0.2679,6710026.000
0.3226,0.4145,0.2629,6719593.000
0.3226,0.4145,0.2629,6741793.000
0.343,0.4391,0.2179,6752583.000
0.343,0.4391,0.2179,6763080.000
0.343,0.4391,0.2179,6768982.000
0.3438,0.4372,0.219,6785519.000
0.3144,0.474,0.2116,6842114.000
0.3566,0.3952,0.2482,6849538.000
0.3582,0.3856,0.2562,6850400.000
0.3614,0.3664,0.2722,6869559.000
0.3486,0.354,0.2974,6876091.000
0.3486,0.354,0.2974,6877620.000
0.3364,0.3416,0.322,6883822.000
0.3208,0.3524,0.3268,6891394.000
0.3268,0.358,0.3152,6895951.000
0.3064,0.386,0.3076,6907450.000
0.3164,0.384,0.2996,6908803.000
0.3164,0.384,0.2996,6925299.000
0.3072,0.4024,0.2904,6951225.000
0.3072,0.4024,0.2904,6952870.000
0.3,0.426,0.274,6960411.000
0.3,0.426,0.274,6966377.000
0.3068,0.4136,0.2796,6983406.000
0.326,0.3908,0.2832,6998479.000
0.3198,0.3942,0.286,7002767.000
0.3198,0.3942,0.286,7005363.000
0.306,0.4094,0.2846,7019410.000
0.306,0.4094,0.2846,7021577.000
0.2866,0.4368,0.2766,7029689.000
0.2866,0.4368,0.2766,7036153.000
0.3066,0.4043,0.2891,7036656.000
0.3066,0.4043,0.2891,7039028.000
0.3066,0.4043,0.2891,7044089.000
0.3275,0.4042,0.2683,7047822.000
0.3275,0.4042,0.2683,7053492.000
0.3553,0.3777,0.267,7054210.000
0.34,0.3814,0.2786,7061023.000
0.3532,0.3696,0.2772,7079393.000
0.3724,0.3589,0.2687,7087507.000
0.3724,0.3589,0.2687,7092146.000
0.3724,0.3589,0.2687,7096730.000
0.3748,0.3577,0.2675,7096952.000
0.3556,0.4032,0.2412,7098618.000
0.3606,0.4002,0.2392,7109242.000
0.3474,0.4068,0.2458,7129428.000
0.3637,0.4114,0.2249,7132431.000
0.3637,0.4114,0.2249,7151338.000
0.3259,0.4389,0.2352,7179771.000
0.3182,0.4359,0.2459,7186611.000
0.3115,0.4348,0.2537,7192784.000
0.3134,0.4379,0.2487,7196602.000
0.3134,0.4379,0.2487,7215681.000
0.3866,0.3287,0.2847,7224966.000
0.3999,0.3293,0.2708,7244125.000
0.4065,0.3251,0.2684,7254691.000
0.4065,0.3251,0.2684,7260784.000
0.4065,0.3251,0.2684,7261823.000
0.3815,0.3077,0.3108,7270102.000
0.3815,0.3077,0.3108,7274614.000
0.3988,0.3034,0.2978,7278169.000
0.3904,0.3066,0.303,7283747.000
0.3904,0.3066,0.303,7285891.000
0.3707,0.3065,0.3228,7287202.000
0.3947,0.2705,0.3348,7288124.000
0.401,0.2873,0.3117,7288355.000
0.3754,0.3198,0.3048,7289824.000
0.3994,0.3078,0.2928,7306997.000
0.3906,0.3038,0.3056,7307189.000
0.4002,0.311,0.2888,7313345.000
0.4046,0.2834,0.312,7332315.000
0.4034,0.2876,0.309,7343448.000
0.4706,0.2792,0.2502,7351530.000
0.4706,0.2792,0.2502,7372681.000
0.4368,0.285,0.2782,7384347.000
0.439,0.2828,0.2782,7391408.000
0.4632,0.2712,0.2656,7395952.000
0.4474,0.2616,0.291,7398273.000
0.43,0.267,0.303,7399387.000
0.4284,0.2612,0.3104,7410910.000
0.4324,0.2672,0.3004,7411975.000
0.4314,0.2662,0.3024,7420473.000
0.4488,0.2482,0.303,7425081.000
0.4608,0.2432,0.296,7443372.000
0.4618,0.2432,0.295,7444455.000
0.4618,0.2432,0.295,7467194.000
0.4618,0.2432,0.295,7470741.000
0.4534,0.2384,0.3082,7471455.000
0.4716,0.2195,0.3089,7496190.000
0.4716,0.2195,0.3089,7500699.000
0.4704,0.242,0.2876,7518793.000
0.4704,0.24,0.2896,7520063.000
0.3702,0.2388,0.391,7520504.000
0.4513,0.2221,0.3266,7538629.000
0.4641,0.2253,0.3106,7551470.000
0.496,0.2094,0.2946,7558719.000
0.5213,0.1888,0.2899,7565350.000
0.5274,0.1896,0.283,7590511.000
0.5274,0.1896,0.283,7597524.000
0.5274,0.1896,0.283,7600848.000
0.5372,0.196,0.2668,7615100.000
0.5176,0.1832,0.2992,7620080.000
0.4406,0.306,0.2534,7620850.000
0.4402,0.3048,0.255,7623465.000
0.445,0.3016,0.2534,7628505.000
0.4546,0.296,0.2494,7633707.000
0.4546,0.296,0.2494,7645331.000
0.4546,0.296,0.2494,7648533.000
0.4556,0.293,0.2514,7651559.000
0.4556,0.293,0.2514,7653467.000
0.452,0.272,0.276,7655314.000
0.4384,0.2836,0.278,7664866.000
0.4328,0.3,0.2672,7678129.000
0.4632,0.286,0.2508,7696791.000
0.457,0.2738,0.2692,7701203.000
0.457,0.2738,0.2692,7704127.000
0.4491,0.2704,0.2805,7708738.000
0.5175,0.2272,0.2553,7717539.000
0.4951,0.2308,0.2741,7724478.000
0.5057,0.2269,0.2674,7733020.000
0.5057,0.2269,0.2674,7736095.000
0.5038,0.2366,0.2596,7742782.000
0.5198,0.2351,0.2451,7745182.000
0.5432,0.2298,0.227,7755952.000
0.515,0.2698,0.2152,7762943.000
0.515,0.2698,0.2152,7780741.000
0.515,0.2698,0.2152,7791526.000
0.521,0.2618,0.2172,7792337.000
0.523,0.2568,0.2202,7817439.000
0.523,0.2568,0.2202,7854375.000
0.5202,0.2632,0.2166,7857185.000
0.5202,0.2632,0.2166,7868041.000
0.5202,0.2632,0.2166,7891644.000
0.4596,0.3048,0.2356,7896690.000
0.4291,0.3022,0.2687,7901227.000
0.4395,0.2914,0.2691,7902355.000
0.4495,0.2964,0.2541,7926269.000
0.4674,0.3028,0.2298,7934613.000
0.4674,0.3028,0.2298,7955938.000
0.457,0.319,0.224,7971649.000
0.457,0.319,0.224,7975114.000
0.457,0.319,0.224,7987369.000
0.4516,0.3202,0.2282,7995157.000
0.4646,0.2992,0.2362,8039304.000
0.47,0.298,0.232,8069895.000
0.47,0.298,0.232,8088886.000
0.47,0.298,0.232,8099636.000
0.454,0.322,0.224,8121161.000
0.4642,0.3044,0.2314,8133399.000
0.4808,0.2916,0.2276,8134830.000
0.4666,0.3122,0.2212,8148927.000
0.4608,0.3376,0.2016,8158137.000
0.4595,0.3413,0.1992,8162298.000
0.4106,0.3724,0.217,8177108.000
0.38,0.4264,0.1936,8196542.000
0.38,0.4264,0.1936,8209382.000
0.3612,0.4608,0.178,8209738.000
0.3612,0.4608,0.178,8210632.000
0.3544,0.4612,0.1844,8214398.000
0.3544,0.4612,0.1844,8220912.000
0.3514,0.4612,0.1874,8242096.000
0.339,0.4768,0.1842,8244841.000
0.348,0.4668,0.1852,8245869.000
0.3208,0.4892,0.19,8247405.000
0.3208,0.4892,0.19,8249270.000
0.3208,0.4892,0.19,8262471.000
0.2728,0.5142,0.213,8271264.000
0.2366,0.551,0.2124,8276444.000
0.2366,0.551,0.2124,8289514.000
0.2366,0.551,0.2124,8303508.000
0.2456,0.549,0.2054,8310159.000
0.2456,0.549,0.2054,8315257.000
0.2504,0.5394,0.2102,8322515.000
0.3104,0.5108,0.1788,8322901.000
0.3112,0.5082,0.1806,8329249.000
0.3114,0.4931,0.1955,8342541.000
0.3114,0.4931,0.1955,8346328.000
0.3114,0.4931,0.1955,8354550.000
0.3114,0.4931,0.1955,8357123.000
0.3114,0.4931,0.1955,8369359.000
0.3114,0.4931,0.1955,8389291.000
0.3114,0.4931,0.1955,8394033.000
0.3446,0.4554,0.2,8396970.000
0.3446,0.4554,0.2,8409640.000
0.3944,0.3694,0.2362,8423274.000
0.392,0.3574,0.2506,8445579.000
0.388,0.3574,0.2546,8446705.000
0.3356,0.3742,0.2902,8448587.000
0.3476,0.3742,0.2782,8449479.000
0.352,0.379,0.269,8456459.000
0.254,0.594,0.152,8457300.000
0.254,0.594,0.152,8461919.000
0.2699,0.5709,0.1592,8489851.000
0.27,0.575,0.155,8493255.000
0.2699,0.5709,0.1592,8498573.000
0.2699,0.5709,0.1592,8499172.000
0.2699,0.5709,0.1592,8500000.000
0.2699,0.5709,0.1592,8504784.000
0.2699,0.5709,0.1592,8511442.000
0.323,0.521,0.156,8512366.000
0.323,0.521,0.156,8518452.000
0.323,0.521,0.156,8527281.000
0.323,0.521,0.156,8531935.000
0.255,0.535,0.21,8534984.000
0.255,0.535,0.21,8535090.000
0.255,0.535,0.21,8540108.000
0.255,0.535,0.21,8553281.000
0.255,0.535,0.21,8572402.000
0.2685,0.5275,0.204,8577556.000
0.231,0.592,0.177,8579369.000
0.237,0.606,0.157,8580944.000
0.237,0.606,0.157,8613544.000
0.2785,0.5605,0.161,8620272.000
0.2785,0.5605,0.161,8636995.000
0.2785,0.5605,0.161,8652337.000
0.2785,0.5605,0.161,8664665.000
0.2776,0.5626,0.1598,8681372.000
0.2726,0.5546,0.1728,8685586.000
0.2726,0.5546,0.1728,8704468.000
0.2726,0.5546,0.1728,8732698.000
0.264,0.581,0.155,8733331.000
0.264,0.581,0.155,8749047.000
0.264,0.581,0.155,8759467.000
0.206,0.619,0.175,8761457.000
0.206,0.619,0.175,8775822.000
0.206,0.619,0.175,8780707.000
0.263,0.593,0.144,8786515.000
0.263,0.593,0.144,8790691.000
0.219,0.615,0.166,8800986.000
0.219,0.615,0.166,8812602.000
0.219,0.617,0.164,8813016.000
0.221,0.619,0.16,8826019.000
0.3274,0.4672,0.2054,8834490.000
0.3142,0.4096,0.2762,8835478.000
0.3142,0.4096,0.2762,8838622.000
0.3142,0.4096,0.2762,8839486.000
0.3142,0.4096,0.2762,8845631.000
0.297,0.393,0.31,8879810.000
0.2938,0.4244,0.2818,8906087.000
0.2938,0.4244,0.2818,8909855.000
0.2972,0.3896,0.3132,8920088.000
0.3198,0.3684,0.3118,8922268.000
0.3198,0.3684,0.3118,8926103.000
0.3198,0.3684,0.3118,8928301.000
0.3198,0.3684,0.3118,8938276.000
0.2724,0.4002,0.3274,8944101.000
0.2724,0.4002,0.3274,8945969.000
0.2724,0.4002,0.3274,8946714.000
0.2583,0.4149,0.3268,8947743.000
0.3315,0.4259,0.2426,8950391.000
0.3315,0.4259,0.2426,8955182.000
0.3685,0.3709,0.2606,8956643.000
0.3685,0.3709,0.2606,8984011.000
0.3685,0.3709,0.2606,9005201.000
0.3653,0.3971,0.2376,9015396.000
0.3638,0.3991,0.2371,9016712.000
0.407,0.3695,0.2235,9043595.000
0.4077,0.3759,0.2164,9047296.000
0.4165,0.3685,0.215,9050272.000
0.4165,0.3685,0.215,9059586.000
0.432,0.3685,0.1995,9064898.000
0.417,0.3797,0.2033,9066032.000
0.4217,0.3904,0.1879,9066784.000
0.4517,0.3616,0.1867,9091626.000
0.4517,0.3616,0.1867,9106706.000
0.4485,0.3253,0.2262,9110447.000
0.3405,0.3901,0.2694,9111192.000
0.3711,0.3913,0.2376,9113158.000
0.3608,0.3847,0.2545,9120662.000
0.3608,0.3847,0.2545,9124345.000
0.3608,0.3847,0.2545,9147745.000
0.3608,0.3847,0.2545,9157775.000
0.3776,0.3637,0.2587,9167222.000
0.3902,0.3385,0.2713,9169530.000
0.3752,0.343,0.2818,9171359.000
0.3752,0.343,0.2818,9196661.000
0.355,0.3538,0.2912,9210897.000
0.391,0.339,0.27,9220822.000
0.391,0.339,0.27,9223655.000
0.3052,0.419,0.2758,9243951.000
0.2934,0.4174,0.2892,9268445.000
0.2884,0.3988,0.3128,9280459.000
0.2935,0.3946,0.3119,9286576.000
0.2935,0.3946,0.3119,9306455.000
0.2955,0.3946,0.3099,9307683.000
0.3023,0.389,0.3087,9332956.000
0.3052,0.4122,0.2826,9334126.000
0.3052,0.4122,0.2826,9338387.000
0.3052,0.4122,0.2826,9344401.000
0.313,0.4086,0.2784,9346799.000
0.4298,0.3284,0.2418,9347413.000
0.4156,0.348,0.2364,9358220.000
0.3912,0.4006,0.2082,9371239.000
0.3912,0.4006,0.2082,9372098.000
0.451,0.417,0.132,9379820.000
0.411,0.471,0.118,9383782.000
0.411,0.471,0.118,9412123.000
0.419,0.449,0.132,9419503.000
0.442,0.422,0.136,9420619.000
0.442,0.422,0.136,9428942.000
0.442,0.422,0.136,9437168.000
0.4142,0.408,0.1778,9438384.000
0.3752,0.4268,0.198,9454434.000
0.3512,0.4508,0.198,9455131.000
0.2956,0.4312,0.2732,9467302.000
0.2764,0.4536,0.27,9470097.000
0.2333,0.452,0.3147,9480489.000
0.2333,0.452,0.3147,9505137.000
0.2333,0.452,0.3147,9508401.000
0.2385,0.5204,0.2411,9525162.000
0.2721,0.4832,0.2447,9529348.000
0.2721,0.4832,0.2447,9530413.000
0.2721,0.4832,0.2447,9535248.000
0.292,0.4782,0.2298,9546044.000
0.317,0.441,0.242,9557577.000
0.317,0.441,0.242,9568426.000
0.278,0.486,0.236,9568597.000
0.2862,0.4794,0.2344,9584170.000
0.2862,0.4794,0.2344,9589777.000
0.298,0.4664,0.2356,9631837.000
0.2936,0.462,0.2444,9641913.000
0.3136,0.4544,0.232,9654449.000
0.3136,0.4544,0.232,9656285.000
0.3248,0.4428,0.2324,9660066.000
0.3238,0.4438,0.2324,9681355.000
0.3258,0.45,0.2242,9696835.000
0.3069,0.4646,0.2285,9705973.000
0.3109,0.3682,0.3209,9707800.000
0.3068,0.3524,0.3408,9708711.000
0.2944,0.3365,0.3691,9731333.000
0.2944,0.3365,0.3691,9736765.000
0.328,0.3313,0.3407,9753366.000
0.328,0.3313,0.3407,9771960.000
0.3346,0.3369,0.3285,9773516.000
0.3256,0.3589,0.3155,9777774.000
0.3256,0.3589,0.3155,9780458.000
0.2776,0.355,0.3674,9787402.000
0.2776,0.355,0.3674,9816391.000
0.271,0.3622,0.3668,9836616.000
0.271,0.3622,0.3668,9878491.000
0.271,0.3662,0.3628,9879305.000
0.3108,0.334,0.3552,9956282.000
0.2948,0.3332,0.372,9967147.000
0.309,0.3386,0.3524,9994899.000
0.3285,0.3112,0.3603,9995752.000
0.3285,0.3112,0.3603,9997844.000
0.3231,0.3104,0.3665,10023980.000
0.246,0.3984,0.3556,10037133.000
0.2422,0.3518,0.406,10046520.000
0.2317,0.307,0.4613,10056064.000
0.2844,0.2998,0.4158,10059624.000
0.281,0.3118,0.4072,10060149.000
0.281,0.3118,0.4072,10064159.000
0.281,0.3118,0.4072,10072623.000
0.2796,0.2958,0.4246,10075443.000
0.2694,0.2894,0.4412,10083567.000
0.2646,0.2806,0.4548,10087790.000
0.2646,0.2806,0.4548,10089172.000
0.4074,0.2374,0.3552,10093404.000
0.4334,0.2248,0.3418,10108652.000
0.4334,0.2248,0.3418,10111444.000
0.4334,0.2248,0.3418,10111598.000
0.4334,0.2248,0.3418,10113780.000
0.4218,0.282,0.2962,10125962.000
0.3848,0.3042,0.311,10148543.000
0.4172,0.243,0.3398,10153563.000
0.401,0.2588,0.3402,10159011.000
0.4892,0.2322,0.2786,10167963.000
0.4672,0.2512,0.2816,10173640.000
0.4672,0.2512,0.2816,10179956.000
0.4662,0.2512,0.2826,10190534.000
0.5094,0.2424,0.2482,10195504.000
0.5094,0.2424,0.2482,10214763.000
0.451,0.227,0.322,10224145.000
0.451,0.219,0.33,10230609.000
0.445,0.216,0.339,10241256.000
0.4423,0.2133,0.3444,10249555.000
0.4085,0.2395,0.352,10249669.000
0.4112,0.2432,0.3456,10265214.000
0.4268,0.2952,0.278,10267854.000
0.419,0.2692,0.3118,10268768.000
0.419,0.2692,0.3118,10270617.000
0.415,0.2652,0.3198,10275066.000
0.4034,0.3388,0.2578,10283670.000
0.4034,0.3388,0.2578,10290501.000
0.4108,0.3324,0.2568,10295618.000
0.4008,0.27,0.3292,10298250.000
0.3974,0.2643,0.3383,10318665.000
0.4126,0.2835,0.3039,10330081.000
0.4246,0.2715,0.3039,10337273.000
0.4246,0.2715,0.3039,10337873.000
0.3798,0.307,0.3132,10347616.000
0.3798,0.307,0.3132,10360108.000
0.3708,0.308,0.3212,10382826.000
0.3648,0.314,0.3212,10390295.000
0.3638,0.314,0.3222,10391327.000
0.3638,0.314,0.3222,10392940.000
0.4238,0.236,0.3402,10400233.000
0.411,0.2436,0.3454,10410273.000
0.4136,0.2464,0.34,10415919.000
0.2756,0.2334,0.491,10417417.000
0.2756,0.2334,0.491,10421475.000
0.2836,0.2334,0.483,10427669.000
0.3116,0.255,0.4334,10430793.000
0.3232,0.2824,0.3944,10435093.000
0.2882,0.2724,0.4394,10445558.000
0.2882,0.2724,0.4394,10445581.000
0.3158,0.2858,0.3984,10450387.000
0.3816,0.3012,0.3172,10468151.000
0.4054,0.3008,0.2938,10470193.000
0.4074,0.288,0.3046,10474883.000
0.3598,0.3096,0.3306,10479999.000
0.3598,0.3096,0.3306,10487150.000
0.3628,0.2934,0.3438,10502298.000
0.3772,0.2886,0.3342,10507094.000
0.366,0.308,0.326,10510981.000
0.366,0.308,0.326,10511609.000
0.366,0.308,0.326,10532522.000
0.3727,0.3066,0.3207,10539100.000
0.3727,0.3066,0.3207,10542144.000
0.4027,0.2866,0.3107,10553598.000
0.4075,0.329,0.2635,10566636.000
