T1,T2,T3
"(0,(3,(1,2)));","(0,(1,(2,3)));","(0,(2,(1,3)));"
0.48,0.272,0.248
0.241,0.484,0.275
0.259,0.375,0.367
0.415,0.314,0.271
0.266,0.583,0.151
0.287,0.274,0.439
0.416,0.268,0.316
0.258,0.492,0.25
0.263,0.503,0.233
0.22,0.523,0.257
0.196,0.493,0.311
0.176,0.472,0.352
0.456,0.254,0.29
0.344,0.292,0.364
0.29,0.454,0.257
0.216,0.37,0.414
0.32,0.345,0.335
0.314,0.339,0.347
0.141,0.664,0.195
0.384,0.326,0.29
0.53,0.19,0.28
0.349,0.319,0.331
0.194,0.622,0.184
0.281,0.298,0.42
0.328,0.368,0.304
0.215,0.316,0.469
0.351,0.366,0.283
0.524,0.21,0.267
0.288,0.526,0.186
0.272,0.414,0.314
0.289,0.37,0.341
0.283,0.369,0.348
0.386,0.382,0.232
0.334,0.356,0.31
0.267,0.237,0.497
0.301,0.362,0.336
0.357,0.301,0.342
0.36,0.291,0.35
0.343,0.373,0.283
0.284,0.277,0.439
0.284,0.377,0.339
0.223,0.586,0.19
0.25,0.248,0.503
0.212,0.574,0.214
0.296,0.438,0.266
0.356,0.378,0.266
0.324,0.336,0.34
0.44,0.259,0.301
0.266,0.285,0.449
0.314,0.363,0.323
0.212,0.442,0.347
0.416,0.341,0.242
0.243,0.528,0.23
0.292,0.407,0.301
0.538,0.228,0.234
0.281,0.199,0.52
0.227,0.537,0.237
0.265,0.337,0.398
0.262,0.482,0.256
0.328,0.319,0.353
0.369,0.28,0.351
0.376,0.268,0.356
0.353,0.313,0.334
0.281,0.398,0.321
0.312,0.401,0.286
0.33,0.464,0.206
0.378,0.292,0.33
0.272,0.432,0.296
0.347,0.363,0.29
0.293,0.301,0.406
0.385,0.343,0.271
0.312,0.274,0.414
0.295,0.302,0.403
0.323,0.311,0.366
0.24,0.495,0.265
0.404,0.411,0.185
0.286,0.237,0.476
0.296,0.255,0.449
0.37,0.281,0.349
0.328,0.325,0.347
0.357,0.405,0.238
0.384,0.37,0.245
0.296,0.394,0.31
0.222,0.493,0.285
0.399,0.329,0.272
0.364,0.338,0.298
0.227,0.364,0.41
0.176,0.631,0.193
0.266,0.333,0.401
0.176,0.492,0.332
0.322,0.265,0.413
0.581,0.212,0.207
0.272,0.485,0.243
0.439,0.29,0.271
0.28,0.346,0.374
0.477,0.366,0.157
0.296,0.333,0.371
0.296,0.375,0.329
0.306,0.372,0.322
0.222,0.589,0.189
0.414,0.222,0.364
0.333,0.483,0.184
0.461,0.259,0.28
0.256,0.5,0.245
0.322,0.254,0.424
0.267,0.408,0.325
0.261,0.404,0.335
0.294,0.419,0.287
0.306,0.338,0.357
0.409,0.288,0.304
0.287,0.493,0.22
0.395,0.322,0.283
0.516,0.376,0.108
0.316,0.435,0.249
0.241,0.397,0.363
0.243,0.417,0.341
0.242,0.345,0.414
0.349,0.234,0.417
0.216,0.573,0.211
0.304,0.477,0.219
0.282,0.3,0.418
0.315,0.385,0.3
0.381,0.307,0.312
0.222,0.458,0.32
0.405,0.328,0.267
0.405,0.298,0.297
0.596,0.221,0.183
0.319,0.399,0.281
0.342,0.415,0.243
0.299,0.399,0.302
0.228,0.542,0.231
0.294,0.374,0.332
0.374,0.228,0.398
0.305,0.452,0.243
0.181,0.666,0.153
0.352,0.239,0.408
0.225,0.441,0.334
0.413,0.269,0.318
0.322,0.328,0.35
0.372,0.408,0.221
0.332,0.291,0.377
0.306,0.407,0.287
0.318,0.326,0.356
0.298,0.35,0.352
0.237,0.555,0.208
0.449,0.394,0.157
0.348,0.386,0.266
0.505,0.249,0.245
0.268,0.344,0.388
0.275,0.397,0.328
0.315,0.315,0.37
0.315,0.323,0.362
0.248,0.403,0.349
0.324,0.243,0.433
0.323,0.343,0.333
0.375,0.362,0.263
0.205,0.236,0.56
0.259,0.428,0.312
0.387,0.303,0.31
0.56,0.233,0.208
0.316,0.358,0.326
0.242,0.413,0.345
0.318,0.45,0.232
0.309,0.347,0.344
0.18,0.603,0.218
0.323,0.355,0.322
0.208,0.542,0.25
0.295,0.372,0.333
0.323,0.387,0.29
0.319,0.328,0.354
0.373,0.351,0.276
0.381,0.434,0.185
0.163,0.6,0.236
0.282,0.509,0.209
0.273,0.444,0.284
0.291,0.404,0.305
0.291,0.402,0.307
0.399,0.356,0.245
0.293,0.406,0.301
0.272,0.388,0.34
0.337,0.244,0.419
0.286,0.394,0.32
0.283,0.261,0.456
0.449,0.271,0.28
0.527,0.225,0.247
0.378,0.364,0.258
0.403,0.444,0.153
0.248,0.484,0.268
0.248,0.603,0.149
0.348,0.311,0.341
0.341,0.354,0.305
0.346,0.316,0.338
0.396,0.344,0.26
0.204,0.507,0.289
0.387,0.311,0.302
0.139,0.774,0.087
0.324,0.379,0.296
0.281,0.207,0.512
0.286,0.307,0.407
0.353,0.39,0.257
0.368,0.287,0.345
0.346,0.332,0.323
0.416,0.278,0.306
0.311,0.364,0.326
0.242,0.442,0.316
0.236,0.579,0.186
0.304,0.43,0.266
0.517,0.24,0.243
0.236,0.376,0.389
0.328,0.417,0.255
0.205,0.264,0.531
0.231,0.469,0.301
0.322,0.379,0.299
0.356,0.374,0.269
0.233,0.336,0.431
0.149,0.488,0.363
0.259,0.42,0.321
0.213,0.47,0.317
0.371,0.332,0.297
0.267,0.48,0.254
0.248,0.399,0.353
0.324,0.283,0.393
0.46,0.305,0.235
0.256,0.429,0.314
0.347,0.306,0.346
0.292,0.326,0.382
0.271,0.452,0.277
0.264,0.46,0.276
0.32,0.422,0.258
0.379,0.351,0.27
0.337,0.394,0.269
0.347,0.35,0.304
0.463,0.301,0.236
0.273,0.493,0.234
0.309,0.302,0.389
0.356,0.333,0.311
0.276,0.417,0.308
0.356,0.296,0.347
0.378,0.253,0.369
0.324,0.375,0.3
0.152,0.474,0.373
0.219,0.325,0.456
0.241,0.604,0.155
0.372,0.276,0.352
0.386,0.323,0.29
0.333,0.316,0.352
0.216,0.518,0.266
0.262,0.351,0.387
0.343,0.344,0.313
0.311,0.388,0.301
0.362,0.28,0.358
0.354,0.316,0.33
0.272,0.455,0.273
0.296,0.356,0.349
0.302,0.374,0.324
0.432,0.324,0.245
0.29,0.395,0.315
0.232,0.455,0.313
0.218,0.531,0.251
0.296,0.467,0.237
0.216,0.502,0.282
0.225,0.431,0.344
0.43,0.317,0.253
0.186,0.572,0.242
0.446,0.254,0.3
0.252,0.3,0.448
0.356,0.325,0.319
0.24,0.356,0.404
0.346,0.294,0.36
0.293,0.375,0.332
0.219,0.437,0.345
0.458,0.268,0.274
0.491,0.345,0.164
0.346,0.321,0.333
0.21,0.314,0.475
0.387,0.305,0.308
0.323,0.484,0.193
0.335,0.385,0.28
0.107,0.288,0.605
0.256,0.559,0.185
0.428,0.284,0.288
0.339,0.3,0.361
0.356,0.362,0.282
0.276,0.383,0.341
0.26,0.498,0.243
0.332,0.273,0.395
0.258,0.465,0.276
0.279,0.276,0.445
0.246,0.45,0.304
0.26,0.453,0.287
0.424,0.356,0.22
0.25,0.416,0.333
0.505,0.242,0.253
0.35,0.39,0.26
0.613,0.282,0.106
0.383,0.305,0.312
0.286,0.392,0.322
0.289,0.385,0.326
0.226,0.537,0.238
0.25,0.377,0.373
0.465,0.267,0.268
0.406,0.341,0.253
0.29,0.425,0.285
0.327,0.225,0.448
0.374,0.297,0.329
0.192,0.626,0.181
0.263,0.212,0.525
0.428,0.393,0.179
0.348,0.308,0.344
0.376,0.313,0.312
0.267,0.478,0.255
0.344,0.321,0.335
0.346,0.306,0.348
0.224,0.539,0.237
0.418,0.315,0.267
0.3,0.32,0.38
0.338,0.419,0.243
0.239,0.434,0.327
0.375,0.365,0.26
0.308,0.282,0.411
0.302,0.434,0.264
0.294,0.228,0.478
0.334,0.377,0.289
0.251,0.465,0.284
0.322,0.313,0.365
0.287,0.326,0.387
0.207,0.402,0.391
0.217,0.416,0.367
0.287,0.273,0.44
0.281,0.266,0.453
0.303,0.507,0.19
0.214,0.409,0.377
0.345,0.263,0.392
0.306,0.307,0.386
0.312,0.386,0.302
0.418,0.28,0.301
0.229,0.322,0.449
0.325,0.379,0.296
0.328,0.412,0.259
0.365,0.405,0.23
0.311,0.345,0.344
0.312,0.352,0.336
0.285,0.355,0.36
0.339,0.465,0.196
0.357,0.321,0.322
0.275,0.411,0.314
0.339,0.353,0.308
0.482,0.313,0.206
0.382,0.368,0.25
0.378,0.349,0.274
0.401,0.347,0.252
0.395,0.31,0.295
0.431,0.292,0.277
0.222,0.476,0.301
0.384,0.349,0.267
0.247,0.37,0.383
0.334,0.323,0.343
0.282,0.211,0.507
0.316,0.345,0.339
0.365,0.315,0.32
0.442,0.238,0.319
0.374,0.265,0.361
0.303,0.503,0.194
0.254,0.223,0.523
0.318,0.337,0.344
0.229,0.278,0.493
0.245,0.323,0.432
0.372,0.436,0.192
0.355,0.354,0.291
0.339,0.339,0.322
0.297,0.436,0.266
0.342,0.355,0.302
0.194,0.558,0.248
0.355,0.388,0.257
0.283,0.495,0.221
0.33,0.337,0.333
0.574,0.299,0.126
0.286,0.395,0.319
0.353,0.344,0.302
0.365,0.334,0.301
0.46,0.402,0.138
0.159,0.372,0.469
0.295,0.339,0.366
0.307,0.52,0.173
0.291,0.381,0.328
0.443,0.364,0.193
0.355,0.294,0.351
0.272,0.351,0.377
0.31,0.469,0.221
0.241,0.3,0.459
0.332,0.354,0.314
0.252,0.374,0.374
0.29,0.4,0.31
0.368,0.348,0.284
0.347,0.326,0.327
0.202,0.397,0.401
0.4,0.41,0.19
0.433,0.254,0.313
0.294,0.499,0.207
0.295,0.198,0.507
0.447,0.244,0.31
0.187,0.494,0.319
0.296,0.288,0.416
0.254,0.402,0.345
0.301,0.412,0.286
0.386,0.3,0.314
0.352,0.376,0.271
0.363,0.374,0.262
0.246,0.472,0.282
0.347,0.383,0.27
0.354,0.355,0.29
0.348,0.333,0.319
0.382,0.292,0.327
0.346,0.26,0.394
0.319,0.255,0.426
0.243,0.367,0.389
0.323,0.445,0.232
0.37,0.282,0.348
0.298,0.43,0.273
0.37,0.219,0.411
0.315,0.343,0.342
0.375,0.349,0.276
0.245,0.339,0.415
0.342,0.416,0.241
0.512,0.222,0.265
0.426,0.28,0.295
0.29,0.452,0.257
0.447,0.342,0.211
0.195,0.67,0.135
0.226,0.58,0.194
0.246,0.426,0.328
0.331,0.337,0.332
0.156,0.306,0.538
0.138,0.671,0.191
0.348,0.194,0.458
0.291,0.413,0.296
0.307,0.365,0.328
0.329,0.262,0.409
0.208,0.427,0.365
0.231,0.229,0.54
0.356,0.34,0.304
0.331,0.349,0.32
0.48,0.268,0.252
0.343,0.332,0.325
0.266,0.263,0.471
0.268,0.416,0.316
0.365,0.378,0.257
0.169,0.616,0.216
0.323,0.293,0.385
0.296,0.402,0.302
0.459,0.267,0.274
0.184,0.388,0.428
0.252,0.359,0.388
0.187,0.657,0.155
0.303,0.345,0.352
0.319,0.265,0.416
0.368,0.306,0.325
0.386,0.307,0.307
0.328,0.402,0.271
0.284,0.323,0.393
0.346,0.345,0.309
0.31,0.494,0.196
0.407,0.299,0.294
0.332,0.361,0.306
0.288,0.361,0.351
0.3,0.391,0.309
0.419,0.324,0.257
0.306,0.345,0.349
0.333,0.303,0.364
0.264,0.473,0.263
0.37,0.29,0.34
0.306,0.418,0.276
0.264,0.341,0.396
0.276,0.366,0.358
0.236,0.411,0.353
0.445,0.322,0.233
0.422,0.315,0.263
0.322,0.401,0.276
0.333,0.306,0.361
0.25,0.33,0.42
0.235,0.498,0.267
0.301,0.415,0.284
0.337,0.381,0.282
0.395,0.278,0.327
0.322,0.417,0.261
0.214,0.488,0.298
0.288,0.291,0.421
0.315,0.305,0.379
0.323,0.437,0.24
0.348,0.186,0.466
0.513,0.239,0.248
0.418,0.287,0.295
0.397,0.372,0.23
0.305,0.43,0.265
0.306,0.364,0.33
0.277,0.27,0.453
0.318,0.397,0.285
0.358,0.361,0.281
0.267,0.211,0.522
0.365,0.286,0.348
0.363,0.376,0.261
0.338,0.335,0.327
0.3,0.316,0.384
0.592,0.211,0.198
0.286,0.278,0.436
0.364,0.418,0.218
0.336,0.309,0.355
0.303,0.285,0.412
0.25,0.495,0.255
0.315,0.304,0.382
0.278,0.44,0.281
0.391,0.352,0.257
0.465,0.292,0.244
0.311,0.397,0.292
0.312,0.353,0.334
0.188,0.4,0.412
0.309,0.31,0.382
0.479,0.169,0.352
0.353,0.375,0.272
0.443,0.267,0.29
0.281,0.483,0.235
0.274,0.406,0.32
0.264,0.286,0.45
0.323,0.37,0.307
0.315,0.415,0.27
0.332,0.347,0.321
0.529,0.213,0.258
0.244,0.367,0.389
0.449,0.274,0.278
0.413,0.294,0.293
0.266,0.314,0.421
0.331,0.289,0.38
0.318,0.314,0.369
0.337,0.334,0.328
0.399,0.255,0.346
0.331,0.328,0.341
0.447,0.285,0.267
0.273,0.322,0.405
0.265,0.42,0.315
0.285,0.236,0.479
0.307,0.35,0.344
0.355,0.328,0.316
0.274,0.546,0.18
0.231,0.29,0.48
0.258,0.383,0.359
0.333,0.36,0.307
0.261,0.323,0.416
0.323,0.37,0.307
0.372,0.311,0.318
0.231,0.385,0.384
0.302,0.23,0.467
0.363,0.466,0.172
0.344,0.335,0.322
0.212,0.525,0.264
0.226,0.358,0.417
0.341,0.338,0.32
0.366,0.379,0.255
0.44,0.311,0.249
0.308,0.381,0.311
0.402,0.351,0.247
0.251,0.487,0.262
0.233,0.56,0.207
0.229,0.706,0.065
0.401,0.214,0.385
0.418,0.286,0.296
0.224,0.404,0.372
0.265,0.362,0.373
0.276,0.361,0.363
0.311,0.245,0.444
0.301,0.372,0.328
0.334,0.326,0.34
0.303,0.367,0.33
0.115,0.701,0.184
0.327,0.507,0.166
0.387,0.332,0.281
0.404,0.283,0.314
0.225,0.347,0.428
0.286,0.392,0.322
0.286,0.357,0.357
0.33,0.329,0.341
0.342,0.425,0.232
0.308,0.467,0.225
0.306,0.448,0.246
0.288,0.358,0.355
0.462,0.32,0.218
0.238,0.364,0.398
0.366,0.275,0.36
0.277,0.458,0.265
0.381,0.332,0.287
0.25,0.408,0.342
0.258,0.404,0.338
0.25,0.399,0.351
0.249,0.384,0.367
0.305,0.398,0.297
0.398,0.27,0.332
0.228,0.362,0.41
0.222,0.568,0.21
0.17,0.529,0.301
0.227,0.374,0.4
0.279,0.341,0.38
0.244,0.436,0.32
0.401,0.341,0.259
0.302,0.433,0.265
0.317,0.37,0.314
0.242,0.385,0.373
0.254,0.498,0.248
0.283,0.455,0.262
0.316,0.261,0.423
0.218,0.565,0.217
0.402,0.312,0.286
0.324,0.309,0.367
0.297,0.359,0.345
0.273,0.389,0.338
0.385,0.318,0.297
0.439,0.312,0.249
0.23,0.577,0.192
0.276,0.487,0.237
0.298,0.421,0.281
0.306,0.356,0.337
0.289,0.45,0.26
0.343,0.362,0.294
0.248,0.345,0.407
0.356,0.14,0.504
0.383,0.223,0.394
0.303,0.395,0.302
0.288,0.437,0.275
0.31,0.419,0.271
0.282,0.391,0.327
0.449,0.3,0.252
0.17,0.448,0.382
0.431,0.299,0.27
0.533,0.205,0.262
0.314,0.36,0.326
0.329,0.361,0.309
0.287,0.428,0.285
0.14,0.611,0.249
0.324,0.371,0.304
0.268,0.412,0.32
0.293,0.308,0.399
0.358,0.273,0.37
0.471,0.29,0.239
0.118,0.581,0.301
0.256,0.348,0.396
0.191,0.604,0.205
0.482,0.235,0.283
0.346,0.319,0.335
0.369,0.332,0.299
0.392,0.225,0.383
0.397,0.313,0.29
0.315,0.399,0.286
0.285,0.417,0.298
0.256,0.471,0.273
0.246,0.479,0.275
0.31,0.352,0.338
0.226,0.57,0.204
0.332,0.318,0.349
0.393,0.364,0.243
0.451,0.289,0.259
0.291,0.252,0.457
0.342,0.367,0.291
0.254,0.217,0.529
0.411,0.191,0.398
0.269,0.394,0.337
0.307,0.361,0.332
0.305,0.324,0.371
0.434,0.286,0.28
0.324,0.297,0.379
0.281,0.464,0.255
0.326,0.405,0.269
0.3,0.355,0.345
0.147,0.763,0.09
0.191,0.564,0.245
0.329,0.314,0.356
0.32,0.394,0.286
0.194,0.318,0.487
0.388,0.212,0.401
0.292,0.316,0.392
0.373,0.268,0.358
0.349,0.323,0.328
0.402,0.345,0.253
0.33,0.344,0.326
0.079,0.668,0.253
0.282,0.233,0.484
0.283,0.409,0.308
0.448,0.355,0.197
0.35,0.299,0.351
0.196,0.687,0.117
0.228,0.524,0.248
0.256,0.292,0.451
0.269,0.454,0.277
0.396,0.326,0.278
0.319,0.284,0.397
0.352,0.345,0.303
0.303,0.31,0.387
0.329,0.364,0.308
0.286,0.354,0.359
0.261,0.313,0.426
0.198,0.267,0.535
0.28,0.41,0.311
0.294,0.363,0.343
0.276,0.357,0.367
0.238,0.564,0.198
0.419,0.262,0.319
0.317,0.385,0.297
0.271,0.216,0.514
0.297,0.418,0.285
0.364,0.345,0.291
0.477,0.299,0.224
0.33,0.349,0.321
0.15,0.481,0.369
0.229,0.472,0.299
0.204,0.391,0.405
0.315,0.277,0.408
0.299,0.448,0.254
0.249,0.459,0.292
0.328,0.492,0.18
0.501,0.313,0.186
0.139,0.659,0.202
0.308,0.328,0.364
0.31,0.402,0.289
0.264,0.231,0.505
0.303,0.291,0.405
0.146,0.423,0.431
0.322,0.4,0.277
0.336,0.394,0.27
0.286,0.443,0.271
0.333,0.348,0.319
0.309,0.399,0.292
0.213,0.289,0.498
0.462,0.402,0.136
0.411,0.298,0.291
0.403,0.265,0.332
0.285,0.467,0.248
0.331,0.294,0.375
0.335,0.408,0.257
0.308,0.46,0.232
0.352,0.315,0.333
0.342,0.277,0.381
0.266,0.526,0.208
0.363,0.342,0.295
0.32,0.372,0.308
0.277,0.473,0.25
0.351,0.406,0.243
0.403,0.345,0.252
0.171,0.365,0.464
0.252,0.483,0.265
0.32,0.358,0.322
0.239,0.467,0.293
0.408,0.322,0.27
0.352,0.373,0.275
0.318,0.39,0.292
0.274,0.419,0.307
0.33,0.409,0.262
0.426,0.263,0.31
0.303,0.3,0.397
0.435,0.297,0.268
0.296,0.287,0.417
0.314,0.288,0.397
0.484,0.269,0.247
0.225,0.478,0.297
0.241,0.393,0.366
0.357,0.277,0.366
0.289,0.389,0.322
0.605,0.227,0.168
0.228,0.513,0.259
0.307,0.437,0.256
0.228,0.48,0.292
0.403,0.312,0.285
0.408,0.307,0.285
0.185,0.711,0.104
0.21,0.578,0.212
0.407,0.279,0.314
0.32,0.344,0.335
0.419,0.237,0.343
0.403,0.347,0.25
0.43,0.291,0.279
0.248,0.371,0.381
0.259,0.315,0.425
0.294,0.332,0.374
0.314,0.457,0.229
0.282,0.365,0.353
0.268,0.432,0.3
0.238,0.431,0.331
0.27,0.33,0.4
0.445,0.313,0.242
0.312,0.405,0.283
0.214,0.378,0.408
0.533,0.287,0.18
0.507,0.247,0.246
0.306,0.317,0.377
0.402,0.313,0.285
0.393,0.319,0.289
0.241,0.423,0.336
0.407,0.287,0.306
0.343,0.388,0.27
0.234,0.574,0.192
0.247,0.347,0.406
0.321,0.348,0.331
0.371,0.404,0.225
0.374,0.32,0.306
0.285,0.41,0.305
0.149,0.379,0.472
0.149,0.558,0.293
0.301,0.239,0.46
0.278,0.279,0.443
0.483,0.282,0.235
0.264,0.526,0.21
0.323,0.278,0.399
0.298,0.279,0.423
0.54,0.251,0.208
0.379,0.409,0.212
0.392,0.326,0.282
0.209,0.426,0.364
0.29,0.394,0.316
0.367,0.278,0.354
0.365,0.351,0.284
0.33,0.285,0.385
0.273,0.435,0.292
0.356,0.279,0.365
0.345,0.298,0.357
0.258,0.372,0.371
0.247,0.53,0.223
0.261,0.337,0.402
0.272,0.314,0.414
0.333,0.204,0.463
0.264,0.516,0.221
0.383,0.38,0.237
0.397,0.288,0.315
0.15,0.238,0.612
0.412,0.336,0.252
0.283,0.356,0.361
0.226,0.463,0.311
0.272,0.52,0.208
0.382,0.319,0.298
0.383,0.293,0.324
0.322,0.358,0.32
0.276,0.458,0.266
0.311,0.324,0.365
0.236,0.295,0.469
0.413,0.221,0.366
0.277,0.372,0.35
0.399,0.32,0.282
0.363,0.415,0.222
0.331,0.419,0.25
0.353,0.267,0.38
0.231,0.437,0.333
0.378,0.351,0.271
0.384,0.347,0.268
0.242,0.492,0.266
0.333,0.256,0.411
0.392,0.224,0.384
0.393,0.311,0.296
0.327,0.377,0.296
0.261,0.278,0.462
0.356,0.358,0.286
0.334,0.23,0.436
0.229,0.518,0.253
0.305,0.442,0.254
0.192,0.58,0.227
0.395,0.287,0.318
0.328,0.39,0.282
0.323,0.367,0.311
0.205,0.508,0.288
0.284,0.48,0.236
0.359,0.317,0.324
0.374,0.314,0.312
0.283,0.37,0.347
0.131,0.15,0.719
0.33,0.355,0.314
0.376,0.253,0.371
0.337,0.269,0.394
0.418,0.36,0.222
0.202,0.463,0.335
0.414,0.28,0.306
0.231,0.53,0.24
0.257,0.312,0.431
0.583,0.197,0.22
0.381,0.332,0.287
0.299,0.28,0.421
0.404,0.28,0.316
0.212,0.33,0.457
0.391,0.282,0.327
0.341,0.418,0.24
0.35,0.336,0.314
0.427,0.295,0.278
0.274,0.44,0.287
0.302,0.386,0.312
0.212,0.223,0.565
0.363,0.252,0.385
0.311,0.426,0.263
0.278,0.322,0.4
0.342,0.296,0.363
0.342,0.31,0.348
0.362,0.343,0.295
0.307,0.364,0.329
0.335,0.313,0.352
0.446,0.355,0.199
0.195,0.563,0.242
0.296,0.437,0.267
0.414,0.26,0.326
0.324,0.409,0.266
0.267,0.246,0.486
0.331,0.203,0.466
0.468,0.314,0.218
0.247,0.502,0.252
0.352,0.362,0.286
0.326,0.294,0.38
0.269,0.471,0.26
0.409,0.243,0.348
0.366,0.389,0.246
0.284,0.325,0.39
0.37,0.28,0.35
0.286,0.465,0.249
0.309,0.384,0.307
0.261,0.464,0.274
0.249,0.374,0.377
0.325,0.339,0.337
0.299,0.333,0.368
0.297,0.356,0.347
0.344,0.35,0.305
0.287,0.44,0.273
0.279,0.307,0.414
0.252,0.425,0.323
0.336,0.362,0.302
0.275,0.39,0.335
0.339,0.334,0.328
0.328,0.429,0.243
0.381,0.334,0.285
0.34,0.336,0.324
0.41,0.331,0.26
0.21,0.253,0.536
0.256,0.394,0.35
0.368,0.289,0.343
0.368,0.472,0.16
0.346,0.385,0.269
0.451,0.359,0.19
0.387,0.199,0.414
0.35,0.322,0.328
0.258,0.379,0.363
0.264,0.521,0.215
0.278,0.291,0.431
0.34,0.349,0.312
0.299,0.313,0.388
0.336,0.249,0.415
0.272,0.302,0.426
0.315,0.352,0.333
0.145,0.671,0.184
0.364,0.311,0.325
0.276,0.493,0.231
0.238,0.462,0.299
0.306,0.338,0.356
0.271,0.352,0.377
0.293,0.364,0.343
0.312,0.284,0.404
0.429,0.259,0.312
0.303,0.315,0.382
0.241,0.469,0.29
0.221,0.402,0.377
0.362,0.301,0.338
0.174,0.478,0.348
0.2,0.394,0.407
0.321,0.408,0.271
0.38,0.193,0.426
0.288,0.444,0.268
0.345,0.276,0.379
0.289,0.287,0.424
0.317,0.468,0.215
0.249,0.428,0.323
0.297,0.411,0.292
0.263,0.489,0.248
0.357,0.317,0.326
0.21,0.31,0.48
0.416,0.442,0.142
0.316,0.397,0.287
0.395,0.236,0.369
0.24,0.467,0.293
0.357,0.28,0.363
0.413,0.279,0.307
0.259,0.316,0.425
0.388,0.299,0.313
0.344,0.367,0.289
0.232,0.538,0.23
0.321,0.427,0.252
0.324,0.395,0.281
0.421,0.241,0.339
0.458,0.258,0.284
0.302,0.428,0.271
0.265,0.382,0.353
0.266,0.375,0.359
0.258,0.406,0.336
0.225,0.34,0.435
0.333,0.41,0.258
0.335,0.355,0.31
0.344,0.352,0.304
0.376,0.355,0.268
0.236,0.461,0.303
0.262,0.43,0.307
0.34,0.35,0.31
0.429,0.238,0.333
0.275,0.315,0.41
0.203,0.487,0.31
0.254,0.311,0.435
0.312,0.361,0.328
0.301,0.47,0.228
0.247,0.332,0.42
0.34,0.245,0.414
0.355,0.266,0.379
0.391,0.31,0.299
0.39,0.243,0.367
0.23,0.35,0.421
0.351,0.386,0.263
0.281,0.346,0.373
0.215,0.596,0.188
0.307,0.449,0.244
0.253,0.326,0.421
0.42,0.286,0.293
0.322,0.385,0.293
0.171,0.636,0.193
0.336,0.427,0.238
0.206,0.274,0.521
0.328,0.372,0.3
0.274,0.391,0.335
0.202,0.421,0.377
0.286,0.349,0.366
0.431,0.328,0.241
0.325,0.331,0.343
0.326,0.469,0.205
0.281,0.268,0.451
0.306,0.334,0.36
0.198,0.448,0.354
0.293,0.43,0.277
0.291,0.408,0.301
0.28,0.456,0.264
0.526,0.226,0.248
0.341,0.235,0.424
0.4,0.228,0.372
0.412,0.368,0.22
0.292,0.446,0.262
0.3,0.406,0.294
0.258,0.52,0.222
0.279,0.327,0.394
0.248,0.444,0.308
0.487,0.243,0.269
0.245,0.453,0.302
0.179,0.53,0.291
0.503,0.274,0.223
0.185,0.344,0.472
0.322,0.337,0.342
0.5,0.294,0.206
0.324,0.321,0.356
0.258,0.341,0.402
0.304,0.323,0.374
0.469,0.258,0.272
0.324,0.574,0.102
0.366,0.294,0.339
0.423,0.278,0.299
0.31,0.348,0.343
0.36,0.3,0.34
0.306,0.365,0.329
0.342,0.254,0.403
0.308,0.394,0.298
0.439,0.218,0.342
0.28,0.431,0.29
0.323,0.4,0.276
0.279,0.426,0.295
0.238,0.397,0.364
0.266,0.31,0.424
0.337,0.393,0.271
0.295,0.419,0.286
0.283,0.401,0.316
0.334,0.294,0.373
0.404,0.256,0.34
0.254,0.447,0.298
0.35,0.288,0.362
0.303,0.452,0.245
0.247,0.592,0.162
0.226,0.399,0.374
0.318,0.382,0.3
0.446,0.278,0.276
0.233,0.47,0.298
0.455,0.226,0.319
0.26,0.468,0.273
0.25,0.453,0.297
0.293,0.335,0.372
0.251,0.397,0.352
0.343,0.296,0.361
0.264,0.412,0.324
0.303,0.34,0.357
0.299,0.294,0.406
0.215,0.508,0.278
0.245,0.467,0.287
0.29,0.439,0.271
0.314,0.301,0.385
0.27,0.488,0.242
0.31,0.387,0.303
0.561,0.163,0.276
0.317,0.326,0.357
0.271,0.482,0.247
0.338,0.446,0.216
0.434,0.142,0.424
0.349,0.317,0.334
0.599,0.214,0.187
0.27,0.289,0.441
0.428,0.327,0.245
0.209,0.53,0.261
0.372,0.375,0.254
0.313,0.44,0.247
0.173,0.351,0.477
0.224,0.433,0.343
0.371,0.254,0.375
0.281,0.208,0.511
0.307,0.226,0.466
0.299,0.412,0.29
0.305,0.313,0.382
0.206,0.458,0.335
0.347,0.352,0.301
0.187,0.522,0.291
0.288,0.401,0.312
0.304,0.386,0.31
0.399,0.304,0.298
0.321,0.581,0.099
0.305,0.298,0.396
0.336,0.271,0.393
0.304,0.426,0.27
0.21,0.495,0.296
0.217,0.508,0.275
0.55,0.247,0.204
0.259,0.354,0.388
0.38,0.34,0.281
0.423,0.291,0.286
0.269,0.428,0.303
0.321,0.347,0.332
0.37,0.186,0.443
0.328,0.257,0.415
0.473,0.27,0.257
0.266,0.454,0.28
0.356,0.25,0.394
0.278,0.256,0.466
0.706,0.178,0.115
0.38,0.354,0.267
0.298,0.351,0.352
0.274,0.271,0.454
0.208,0.436,0.356
0.226,0.528,0.246
0.271,0.294,0.434
0.329,0.363,0.308
0.422,0.352,0.226
0.368,0.388,0.245
0.3,0.395,0.305
0.282,0.328,0.39
0.336,0.407,0.257
0.243,0.501,0.256
0.291,0.286,0.423
0.289,0.382,0.329
0.286,0.338,0.376
0.379,0.315,0.306
0.296,0.381,0.323
0.275,0.34,0.385
0.399,0.312,0.289
0.275,0.307,0.418
0.237,0.375,0.388
0.418,0.317,0.265
0.328,0.436,0.237
0.333,0.388,0.279
0.25,0.332,0.418
0.303,0.362,0.334
0.35,0.271,0.379
0.387,0.372,0.241
0.455,0.26,0.284
0.473,0.272,0.255
0.301,0.448,0.25
0.261,0.4,0.339
0.303,0.351,0.346
0.163,0.554,0.283
0.289,0.297,0.414
0.236,0.38,0.383
0.348,0.374,0.278
0.28,0.305,0.415
0.386,0.215,0.399
0.272,0.434,0.294
0.436,0.262,0.302
0.368,0.347,0.285
0.289,0.456,0.256
0.329,0.26,0.412
0.444,0.25,0.306
0.286,0.378,0.336
0.295,0.324,0.381
0.373,0.382,0.245
0.333,0.424,0.243
0.29,0.413,0.297
0.32,0.39,0.29
0.324,0.347,0.329
0.272,0.359,0.369
0.278,0.447,0.274
0.33,0.376,0.293
0.311,0.369,0.32
0.257,0.343,0.4
0.326,0.292,0.382
0.221,0.363,0.416
0.19,0.572,0.239
0.275,0.358,0.367
0.332,0.281,0.387
0.327,0.265,0.407
0.344,0.424,0.232
0.319,0.372,0.309
0.456,0.265,0.279
0.298,0.35,0.352
0.378,0.324,0.297
0.365,0.341,0.294
0.328,0.428,0.244
0.294,0.447,0.259
0.462,0.215,0.323
0.454,0.326,0.22
0.319,0.174,0.507
0.445,0.303,0.252
0.258,0.268,0.473
0.364,0.313,0.323
0.335,0.416,0.248
0.259,0.457,0.284
0.436,0.314,0.249
0.31,0.435,0.254
0.313,0.352,0.334
0.424,0.274,0.303
0.434,0.289,0.277
0.426,0.345,0.23
0.33,0.445,0.225
0.295,0.307,0.398
0.334,0.404,0.262
0.209,0.312,0.479
0.302,0.503,0.195
0.285,0.406,0.309
0.285,0.499,0.216
0.289,0.397,0.314
0.269,0.483,0.247
0.361,0.307,0.332
0.305,0.388,0.307
0.29,0.322,0.388
0.228,0.414,0.357
0.339,0.39,0.271
0.21,0.443,0.347
0.1,0.677,0.223
0.403,0.282,0.315
0.331,0.436,0.233
0.251,0.424,0.325
0.269,0.482,0.249
0.31,0.405,0.285
0.281,0.368,0.351
0.364,0.355,0.281
0.269,0.361,0.37
0.399,0.286,0.315
0.248,0.404,0.348
0.232,0.507,0.26
0.307,0.439,0.254
0.482,0.281,0.238
0.307,0.364,0.329
0.397,0.381,0.222
0.367,0.376,0.257
0.396,0.347,0.257
0.271,0.47,0.258
0.135,0.78,0.085
0.332,0.4,0.268
0.399,0.295,0.306
0.353,0.339,0.307
0.432,0.266,0.303
0.173,0.319,0.508
0.208,0.547,0.244
0.376,0.261,0.364
0.202,0.48,0.318
0.215,0.556,0.228
0.236,0.461,0.303
0.272,0.307,0.422
0.454,0.194,0.352
0.306,0.288,0.406
0.348,0.358,0.294
0.334,0.353,0.312
0.346,0.25,0.404
0.317,0.36,0.324
0.283,0.358,0.36
0.35,0.264,0.386
0.291,0.392,0.317
0.278,0.315,0.407
0.279,0.193,0.528
0.317,0.396,0.287
0.318,0.365,0.317
0.51,0.259,0.231
0.239,0.437,0.324
0.384,0.284,0.332
0.489,0.205,0.305
0.37,0.351,0.279
0.313,0.385,0.302
0.229,0.495,0.276
0.583,0.207,0.21
0.294,0.342,0.364
0.31,0.351,0.339
0.171,0.652,0.177
0.248,0.284,0.468
0.273,0.421,0.306
0.305,0.375,0.319
0.27,0.434,0.296
0.31,0.426,0.264
0.209,0.512,0.279
0.358,0.317,0.326
0.409,0.26,0.331
0.372,0.345,0.283
0.317,0.362,0.32
0.353,0.254,0.393
0.309,0.368,0.323
0.328,0.356,0.316
0.341,0.168,0.491
0.384,0.362,0.254
0.456,0.288,0.256
0.278,0.301,0.42
0.304,0.32,0.375
0.31,0.394,0.296
0.329,0.355,0.316
0.295,0.396,0.309
0.315,0.316,0.369
0.394,0.309,0.297
0.432,0.22,0.348
0.144,0.516,0.34
0.358,0.363,0.279
0.23,0.386,0.385
0.2,0.256,0.544
0.421,0.3,0.279
0.343,0.245,0.412
0.374,0.347,0.28
0.2,0.423,0.377
0.333,0.364,0.303
0.31,0.302,0.388
0.22,0.266,0.514
0.392,0.292,0.316
0.313,0.23,0.457
0.306,0.365,0.329
0.329,0.277,0.394
0.507,0.303,0.19
0.292,0.382,0.326
0.346,0.319,0.336
0.242,0.392,0.366
0.281,0.439,0.279
0.358,0.252,0.389
0.3,0.33,0.37
0.342,0.299,0.36
0.263,0.388,0.35
0.305,0.315,0.379
0.317,0.454,0.228
0.228,0.535,0.238
0.16,0.365,0.475
0.177,0.596,0.227
0.25,0.32,0.43
0.272,0.463,0.265
0.31,0.389,0.301
0.338,0.364,0.299
0.179,0.497,0.324
0.371,0.331,0.298
0.297,0.403,0.301
0.381,0.307,0.312
0.314,0.416,0.27
0.234,0.36,0.406
0.35,0.361,0.289
0.326,0.371,0.302
0.381,0.314,0.305
0.336,0.37,0.294
0.206,0.444,0.35
0.247,0.621,0.132
0.271,0.381,0.347
0.293,0.431,0.276
0.452,0.268,0.28
0.278,0.447,0.276
0.439,0.25,0.311
0.357,0.348,0.295
0.277,0.38,0.343
0.245,0.48,0.276
0.34,0.376,0.284
0.457,0.296,0.247
0.318,0.332,0.35
0.298,0.395,0.307
0.345,0.367,0.288
0.268,0.321,0.411
0.314,0.415,0.271
0.434,0.3,0.266
0.281,0.369,0.35
0.235,0.559,0.206
0.246,0.536,0.218
0.17,0.451,0.378
0.354,0.363,0.283
0.393,0.308,0.299
0.236,0.414,0.35
0.349,0.377,0.274
0.275,0.394,0.331
0.276,0.373,0.352
0.26,0.414,0.326
0.282,0.41,0.309
0.233,0.512,0.254
0.408,0.341,0.25
0.371,0.394,0.235
0.321,0.402,0.277
0.272,0.466,0.262
0.33,0.353,0.318
0.386,0.265,0.349
0.486,0.191,0.322
0.242,0.446,0.312
0.41,0.288,0.301
0.24,0.483,0.277
0.227,0.401,0.372
0.284,0.371,0.345
0.237,0.33,0.433
0.054,0.338,0.608
0.226,0.582,0.191
0.24,0.439,0.321
0.352,0.25,0.397
0.418,0.329,0.253
0.37,0.381,0.249
0.282,0.455,0.263
0.349,0.344,0.306
0.331,0.424,0.245
0.365,0.234,0.4
0.405,0.456,0.139
0.314,0.285,0.4
0.325,0.308,0.367
0.264,0.42,0.316
0.296,0.277,0.427
0.314,0.5,0.186
0.348,0.419,0.232
0.309,0.342,0.349
0.29,0.306,0.404
0.15,0.488,0.362
0.342,0.378,0.28
0.289,0.386,0.325
0.199,0.346,0.455
0.324,0.251,0.426
0.37,0.272,0.358
0.304,0.401,0.295
0.229,0.572,0.199
0.327,0.382,0.29
0.226,0.471,0.303
0.247,0.558,0.195
0.233,0.275,0.492
0.34,0.427,0.233
0.322,0.372,0.306
0.184,0.598,0.218
0.326,0.36,0.314
0.259,0.299,0.442
0.361,0.279,0.36
0.326,0.38,0.294
0.413,0.316,0.271
0.352,0.369,0.279
0.372,0.33,0.298
0.312,0.309,0.379
0.298,0.329,0.373
0.313,0.268,0.419
0.236,0.407,0.357
0.309,0.401,0.289
0.456,0.235,0.31
0.47,0.313,0.217
0.29,0.375,0.335
0.329,0.332,0.339
0.161,0.486,0.353
0.278,0.307,0.415
0.382,0.296,0.322
0.281,0.279,0.439
0.432,0.314,0.253
0.175,0.465,0.36
0.386,0.328,0.287
0.234,0.534,0.232
0.484,0.332,0.184
0.298,0.426,0.276
0.411,0.266,0.323
0.295,0.298,0.407
0.316,0.375,0.31
0.246,0.571,0.184
0.323,0.398,0.278
0.382,0.307,0.311
0.243,0.491,0.266
0.332,0.366,0.302
0.278,0.284,0.437
0.42,0.282,0.297
0.307,0.346,0.346
0.32,0.348,0.331
0.277,0.338,0.385
0.301,0.354,0.344
0.315,0.39,0.295
0.301,0.291,0.408
0.457,0.259,0.284
0.333,0.257,0.41
0.277,0.355,0.368
0.271,0.337,0.391
0.266,0.499,0.234
0.246,0.475,0.279
0.244,0.538,0.218
0.277,0.365,0.358
0.238,0.401,0.361
0.323,0.416,0.261
0.381,0.324,0.296
0.364,0.356,0.28
0.196,0.353,0.451
0.254,0.34,0.406
0.267,0.342,0.391
0.331,0.367,0.302
0.369,0.332,0.299
0.321,0.433,0.246
0.379,0.337,0.285
0.365,0.273,0.362
0.32,0.386,0.293
0.449,0.279,0.272
0.338,0.376,0.286
0.239,0.451,0.311
0.298,0.382,0.32
0.313,0.288,0.399
0.303,0.419,0.278
0.438,0.367,0.195
0.338,0.326,0.336
0.26,0.246,0.495
0.252,0.408,0.34
0.244,0.405,0.351
0.198,0.323,0.479
0.272,0.382,0.346
0.316,0.282,0.402
0.422,0.351,0.228
0.266,0.392,0.342
0.311,0.429,0.26
0.341,0.364,0.294
0.345,0.296,0.36
0.275,0.279,0.446
0.505,0.2,0.295
0.355,0.321,0.324
0.306,0.446,0.248
0.374,0.502,0.124
0.279,0.352,0.369
0.282,0.375,0.343
0.287,0.436,0.277
0.34,0.424,0.236
0.276,0.407,0.317
0.452,0.193,0.354
0.343,0.274,0.382
0.269,0.4,0.331
0.248,0.398,0.354
0.23,0.4,0.37
0.283,0.352,0.365
0.252,0.458,0.29
0.302,0.337,0.361
0.328,0.396,0.276
0.223,0.522,0.255
0.446,0.274,0.28
0.266,0.486,0.248
0.274,0.466,0.26
0.333,0.448,0.22
0.31,0.344,0.345
0.252,0.548,0.2
0.355,0.254,0.391
0.342,0.354,0.305
0.187,0.508,0.305
0.249,0.422,0.329
0.314,0.374,0.312
0.31,0.413,0.276
0.421,0.295,0.284
0.407,0.282,0.311
0.336,0.323,0.34
0.353,0.334,0.313
0.406,0.293,0.301
0.366,0.327,0.307
0.306,0.389,0.305
0.456,0.312,0.231
0.364,0.382,0.254
0.27,0.276,0.454
0.244,0.529,0.227
0.29,0.307,0.403
0.191,0.464,0.344
0.344,0.322,0.335
0.312,0.276,0.413
0.372,0.273,0.354
0.44,0.3,0.26
0.324,0.293,0.384
0.42,0.279,0.301
0.263,0.38,0.358
0.439,0.27,0.291
0.238,0.233,0.529
0.278,0.405,0.317
0.271,0.394,0.336
0.311,0.271,0.418
0.291,0.422,0.287
0.241,0.544,0.215
0.2,0.48,0.32
0.312,0.352,0.336
0.302,0.331,0.367
0.282,0.338,0.38
0.171,0.497,0.332
0.22,0.572,0.208
0.47,0.307,0.223
0.315,0.4,0.286
0.225,0.318,0.457
0.226,0.443,0.331
0.231,0.322,0.448
0.408,0.402,0.19
0.477,0.235,0.287
0.243,0.387,0.37
0.317,0.374,0.309
0.324,0.317,0.36
0.327,0.366,0.307
0.471,0.275,0.254
0.294,0.277,0.429
0.219,0.418,0.363
0.216,0.221,0.563
0.282,0.318,0.4
0.239,0.349,0.412
0.334,0.195,0.471
0.285,0.374,0.341
0.27,0.324,0.406
0.32,0.408,0.272
0.338,0.378,0.283
0.257,0.379,0.364
0.146,0.633,0.222
0.274,0.34,0.386
0.348,0.368,0.284
0.296,0.429,0.275
0.259,0.409,0.332
0.253,0.341,0.406
0.315,0.396,0.289
0.225,0.498,0.276
0.176,0.348,0.476
0.371,0.375,0.254
0.36,0.318,0.322
0.326,0.326,0.348
0.33,0.341,0.328
0.25,0.48,0.27
0.325,0.32,0.355
0.245,0.499,0.256
0.344,0.274,0.382
0.162,0.615,0.223
0.225,0.429,0.346
0.353,0.322,0.325
0.403,0.319,0.278
0.212,0.328,0.46
0.307,0.316,0.377
0.309,0.38,0.311
0.258,0.461,0.281
0.284,0.454,0.263
0.286,0.389,0.325
0.296,0.392,0.312
0.439,0.329,0.232
0.283,0.399,0.318
0.329,0.338,0.333
0.306,0.374,0.32
0.327,0.369,0.304
0.292,0.448,0.259
0.371,0.371,0.259
0.318,0.349,0.333
0.304,0.315,0.38
0.314,0.208,0.478
0.287,0.35,0.363
0.323,0.354,0.324
0.285,0.487,0.228
0.322,0.387,0.291
0.372,0.316,0.312
0.276,0.323,0.401
0.426,0.199,0.375
0.282,0.429,0.289
0.328,0.388,0.285
0.356,0.4,0.244
0.314,0.32,0.366
0.328,0.322,0.351
0.265,0.317,0.418
0.326,0.37,0.304
0.151,0.675,0.174
0.551,0.233,0.215
0.384,0.435,0.181
0.247,0.299,0.454
0.418,0.287,0.295
0.252,0.366,0.382
0.293,0.316,0.392
0.367,0.369,0.264
0.256,0.472,0.272
0.372,0.351,0.276
0.306,0.272,0.423
0.269,0.408,0.323
0.32,0.237,0.443
0.334,0.283,0.383
0.352,0.414,0.234
0.395,0.418,0.187
0.398,0.317,0.285
0.156,0.664,0.18
0.341,0.353,0.306
0.253,0.208,0.539
0.339,0.341,0.32
0.331,0.406,0.263
0.412,0.313,0.275
0.364,0.263,0.373
0.372,0.325,0.303
0.28,0.312,0.407
0.396,0.263,0.34
0.461,0.275,0.264
0.282,0.472,0.246
0.278,0.487,0.234
0.422,0.337,0.241
0.21,0.663,0.127
0.29,0.222,0.487
0.143,0.67,0.187
0.273,0.242,0.485
0.194,0.431,0.375
0.373,0.339,0.288
0.3,0.415,0.285
0.318,0.407,0.274
0.214,0.376,0.41
0.16,0.603,0.238
0.24,0.488,0.271
0.244,0.43,0.326
0.295,0.342,0.363
0.385,0.12,0.495
0.199,0.628,0.172
0.296,0.455,0.249
0.28,0.362,0.359
0.258,0.281,0.461
0.326,0.181,0.493
0.28,0.506,0.214
0.27,0.226,0.503
0.274,0.189,0.537
0.317,0.221,0.462
0.285,0.401,0.314
0.233,0.536,0.231
0.219,0.467,0.315
0.277,0.462,0.262
0.238,0.484,0.278
0.349,0.375,0.276
0.355,0.438,0.207
0.208,0.548,0.244
0.282,0.315,0.404
0.301,0.432,0.267
0.416,0.295,0.289
0.32,0.365,0.315
0.303,0.359,0.338
0.248,0.424,0.328
0.427,0.245,0.328
0.36,0.34,0.3
0.254,0.548,0.199
0.41,0.272,0.318
0.24,0.444,0.316
0.462,0.244,0.294
0.33,0.445,0.225
0.265,0.434,0.301
0.422,0.335,0.243
0.298,0.473,0.229
0.329,0.263,0.408
0.338,0.429,0.233
0.366,0.335,0.299
0.288,0.362,0.349
0.301,0.41,0.289
0.36,0.224,0.417
0.354,0.334,0.311
0.311,0.315,0.374
0.306,0.418,0.276
0.257,0.443,0.3
0.273,0.375,0.352
0.293,0.373,0.334
0.315,0.388,0.296
0.347,0.334,0.319
0.328,0.286,0.386
0.344,0.374,0.281
0.259,0.274,0.467
0.362,0.304,0.334
0.378,0.385,0.237
0.327,0.287,0.386
0.25,0.317,0.433
0.29,0.272,0.438
0.657,0.2,0.143
0.291,0.266,0.443
0.201,0.211,0.588
0.376,0.39,0.234
0.287,0.23,0.484
0.255,0.482,0.263
0.332,0.415,0.253
0.398,0.354,0.248
0.281,0.383,0.335
0.4,0.276,0.325
0.314,0.332,0.354
0.272,0.397,0.332
0.384,0.369,0.247
0.407,0.254,0.339
0.313,0.351,0.336
0.405,0.334,0.261
0.33,0.439,0.231
0.411,0.317,0.272
0.286,0.26,0.454
0.354,0.361,0.285
0.382,0.39,0.228
0.293,0.317,0.39
0.422,0.334,0.244
0.273,0.366,0.361
0.328,0.47,0.202
0.348,0.328,0.324
0.347,0.387,0.266
0.381,0.292,0.327
0.409,0.302,0.29
0.384,0.32,0.296
0.398,0.28,0.322
0.237,0.439,0.324
0.364,0.269,0.367
0.362,0.343,0.294
0.584,0.219,0.197
0.406,0.305,0.289
0.305,0.446,0.249
0.249,0.579,0.172
0.34,0.361,0.299
0.304,0.307,0.389
0.344,0.34,0.315
0.269,0.435,0.296
0.41,0.286,0.303
0.325,0.295,0.38
0.235,0.424,0.341
0.406,0.369,0.224
0.428,0.324,0.248
0.258,0.426,0.316
0.334,0.32,0.345
0.296,0.38,0.324
0.321,0.318,0.361
0.297,0.368,0.335
0.209,0.535,0.256
0.301,0.462,0.237
0.158,0.557,0.285
0.191,0.218,0.591
0.262,0.355,0.383
0.322,0.367,0.312
0.269,0.456,0.275
0.331,0.4,0.269
0.267,0.477,0.256
0.269,0.306,0.426
0.346,0.414,0.24
0.317,0.402,0.281
0.202,0.476,0.322
0.258,0.466,0.277
0.247,0.418,0.336
0.357,0.41,0.233
0.102,0.726,0.172
0.39,0.379,0.231
0.265,0.451,0.284
0.336,0.337,0.327
0.233,0.544,0.224
0.334,0.367,0.299
0.292,0.388,0.32
0.318,0.325,0.357
0.319,0.425,0.256
0.263,0.365,0.373
0.373,0.37,0.256
0.266,0.304,0.43
0.191,0.298,0.511
0.345,0.288,0.367
0.364,0.38,0.256
0.387,0.347,0.266
0.298,0.252,0.451
0.306,0.394,0.299
0.233,0.561,0.206
0.325,0.501,0.174
0.272,0.318,0.41
0.182,0.362,0.456
0.212,0.428,0.359
0.536,0.192,0.273
0.328,0.38,0.292
0.316,0.431,0.253
0.413,0.305,0.282
0.228,0.407,0.365
0.328,0.367,0.305
0.312,0.309,0.378
0.266,0.265,0.469
0.33,0.4,0.27
0.302,0.356,0.341
0.341,0.353,0.306
0.245,0.512,0.243
0.292,0.462,0.246
0.386,0.301,0.313
0.361,0.356,0.283
0.303,0.393,0.304
0.368,0.323,0.309
0.307,0.227,0.466
0.273,0.43,0.297
0.276,0.401,0.322
0.262,0.414,0.323
0.223,0.558,0.219
0.307,0.397,0.296
0.333,0.384,0.282
0.224,0.247,0.528
0.456,0.302,0.242
0.376,0.393,0.231
0.395,0.277,0.328
0.27,0.326,0.405
0.349,0.344,0.307
0.282,0.394,0.325
0.4,0.348,0.252
0.288,0.409,0.304
0.394,0.322,0.284
0.269,0.303,0.428
0.398,0.268,0.334
0.342,0.35,0.309
0.304,0.314,0.382
0.385,0.253,0.362
0.326,0.432,0.242
0.199,0.266,0.535
0.198,0.558,0.244
0.249,0.433,0.318
0.363,0.328,0.309
0.291,0.437,0.272
0.219,0.467,0.314
0.455,0.279,0.266
0.419,0.329,0.252
0.21,0.64,0.15
0.234,0.522,0.244
0.314,0.279,0.407
0.234,0.216,0.55
0.413,0.3,0.287
0.257,0.336,0.407
0.35,0.368,0.282
0.334,0.336,0.33
0.3,0.408,0.292
0.281,0.372,0.347
0.243,0.511,0.247
0.237,0.298,0.466
0.386,0.365,0.249
0.382,0.343,0.276
0.402,0.225,0.373
0.393,0.279,0.328
0.298,0.437,0.265
0.203,0.319,0.478
0.409,0.331,0.26
0.425,0.313,0.262
0.457,0.26,0.283
0.293,0.467,0.24
0.303,0.401,0.296
0.281,0.365,0.354
0.391,0.332,0.276
0.239,0.312,0.448
0.38,0.357,0.263
0.23,0.437,0.333
0.485,0.223,0.292
0.317,0.242,0.441
0.295,0.338,0.367
0.264,0.285,0.451
0.336,0.338,0.326
0.369,0.428,0.204
0.432,0.31,0.259
0.422,0.314,0.264
0.333,0.49,0.177
0.188,0.263,0.548
0.279,0.234,0.487
0.376,0.279,0.346
0.375,0.357,0.268
0.286,0.442,0.272
0.296,0.388,0.316
0.278,0.364,0.358
0.281,0.473,0.246
0.355,0.252,0.393
0.476,0.274,0.25
0.48,0.27,0.25
0.456,0.281,0.263
0.342,0.335,0.324
0.082,0.485,0.433
0.155,0.431,0.414
0.355,0.386,0.259
0.435,0.173,0.392
0.268,0.39,0.342
0.335,0.372,0.293
0.332,0.316,0.352
0.332,0.341,0.328
0.346,0.247,0.407
0.279,0.515,0.205
0.308,0.372,0.32
0.263,0.414,0.323
0.328,0.313,0.359
0.385,0.269,0.346
0.313,0.395,0.292
0.317,0.358,0.325
0.312,0.354,0.334
0.379,0.35,0.271
0.31,0.302,0.388
0.293,0.369,0.338
0.187,0.468,0.345
0.293,0.296,0.411
0.589,0.205,0.206
0.318,0.389,0.293
0.15,0.289,0.561
0.401,0.286,0.313
0.309,0.456,0.236
0.296,0.232,0.473
0.251,0.425,0.324
0.248,0.2,0.552
0.119,0.42,0.462
0.211,0.576,0.213
0.35,0.41,0.24
0.305,0.358,0.337
0.301,0.362,0.337
0.452,0.32,0.228
0.288,0.326,0.386
0.484,0.259,0.257
0.341,0.26,0.399
0.259,0.289,0.452
0.368,0.229,0.402
0.304,0.428,0.268
0.39,0.328,0.282
0.285,0.4,0.315
0.219,0.491,0.29
0.25,0.278,0.472
0.266,0.249,0.486
0.402,0.288,0.309
0.289,0.418,0.293
0.26,0.452,0.288
0.292,0.404,0.303
0.327,0.329,0.344
0.292,0.483,0.225
0.284,0.434,0.281
0.353,0.334,0.313
0.453,0.263,0.284
0.237,0.533,0.231
0.277,0.355,0.368
0.245,0.446,0.309
0.404,0.33,0.266
0.348,0.305,0.347
0.213,0.539,0.248
0.354,0.369,0.276
0.347,0.379,0.275
0.41,0.438,0.152
0.306,0.441,0.253
0.331,0.388,0.281
0.301,0.293,0.405
0.313,0.346,0.34
0.315,0.412,0.274
0.386,0.415,0.199
0.203,0.447,0.35
0.285,0.423,0.292
0.567,0.193,0.241
0.281,0.428,0.29
0.336,0.255,0.409
0.266,0.29,0.444
0.285,0.343,0.371
0.241,0.428,0.33
0.272,0.511,0.217
0.367,0.302,0.331
0.308,0.492,0.2
0.363,0.376,0.261
0.362,0.381,0.257
0.37,0.442,0.188
0.162,0.656,0.181
0.236,0.502,0.262
0.234,0.39,0.376
0.278,0.413,0.309
0.401,0.28,0.319
0.461,0.166,0.373
0.267,0.384,0.349
0.236,0.462,0.302
0.23,0.288,0.481
0.452,0.359,0.189
0.099,0.34,0.561
0.227,0.396,0.377
0.277,0.453,0.271
0.37,0.332,0.297
0.302,0.466,0.232
0.37,0.364,0.265
0.262,0.497,0.241
0.277,0.366,0.357
0.376,0.28,0.344
0.317,0.332,0.351
0.433,0.282,0.285
0.342,0.335,0.323
0.317,0.395,0.288
0.34,0.401,0.259
0.295,0.406,0.298
0.387,0.276,0.337
0.299,0.445,0.256
0.37,0.308,0.322
0.523,0.254,0.223
0.295,0.329,0.376
0.405,0.297,0.298
0.4,0.282,0.317
0.198,0.679,0.122
0.28,0.348,0.372
0.426,0.237,0.337
0.484,0.235,0.281
0.444,0.277,0.279
0.415,0.374,0.21
0.339,0.331,0.33
0.238,0.205,0.557
0.324,0.35,0.327
0.252,0.453,0.295
0.215,0.535,0.251
0.305,0.406,0.288
0.49,0.272,0.238
0.24,0.312,0.448
0.344,0.364,0.292
0.305,0.345,0.35
0.285,0.415,0.299
0.298,0.401,0.301
0.57,0.241,0.19
0.3,0.446,0.254
0.298,0.345,0.357
0.364,0.417,0.219
0.453,0.326,0.222
0.247,0.48,0.273
0.368,0.314,0.318
0.248,0.451,0.301
0.45,0.354,0.196
0.322,0.366,0.312
0.32,0.342,0.338
0.255,0.569,0.176
0.306,0.347,0.347
0.32,0.29,0.39
0.324,0.4,0.275
0.334,0.339,0.327
0.253,0.398,0.349
0.453,0.27,0.277
0.33,0.332,0.338
0.305,0.344,0.351
0.258,0.334,0.408
0.39,0.279,0.331
0.4,0.299,0.301
0.318,0.457,0.225
0.227,0.465,0.308
0.304,0.348,0.348
0.292,0.365,0.343
0.215,0.557,0.228
0.258,0.496,0.245
0.301,0.382,0.317
0.297,0.344,0.359
0.291,0.392,0.317
0.226,0.25,0.524
0.22,0.521,0.259
0.38,0.279,0.341
0.468,0.295,0.237
0.308,0.326,0.366
0.236,0.363,0.401
0.29,0.394,0.316
0.316,0.418,0.266
0.427,0.335,0.238
0.337,0.261,0.402
0.386,0.459,0.154
0.264,0.393,0.343
0.407,0.295,0.298
0.287,0.449,0.264
0.329,0.387,0.285
0.265,0.354,0.381
0.273,0.376,0.352
0.423,0.346,0.231
0.287,0.305,0.407
0.311,0.282,0.407
0.439,0.348,0.213
0.376,0.298,0.326
0.298,0.426,0.276
0.415,0.281,0.304
0.315,0.34,0.344
0.306,0.267,0.427
0.19,0.488,0.322
0.254,0.336,0.411
0.319,0.314,0.368
0.238,0.33,0.432
0.336,0.355,0.309
0.328,0.341,0.331
0.333,0.304,0.363
0.274,0.389,0.337
0.223,0.578,0.198
0.326,0.273,0.401
0.201,0.397,0.401
0.348,0.365,0.288
0.319,0.328,0.353
0.238,0.45,0.312
0.393,0.326,0.281
0.267,0.461,0.272
0.329,0.317,0.353
0.577,0.169,0.255
0.374,0.397,0.228
0.3,0.411,0.288
0.252,0.293,0.454
0.347,0.31,0.343
0.338,0.351,0.311
0.4,0.28,0.32
0.251,0.556,0.192
0.163,0.301,0.536
0.414,0.352,0.234
0.352,0.386,0.263
0.295,0.367,0.339
0.259,0.256,0.484
0.335,0.356,0.309
0.337,0.388,0.275
0.392,0.416,0.192
0.226,0.408,0.366
0.307,0.396,0.297
0.565,0.285,0.149
0.279,0.327,0.394
0.361,0.301,0.338
0.248,0.444,0.309
0.565,0.215,0.221
0.35,0.414,0.237
0.267,0.438,0.296
0.383,0.291,0.326
0.407,0.306,0.287
0.318,0.338,0.344
0.349,0.322,0.329
0.369,0.355,0.276
0.319,0.384,0.297
0.236,0.379,0.385
0.338,0.318,0.344
0.304,0.388,0.308
0.459,0.313,0.227
0.293,0.474,0.232
0.196,0.404,0.4
0.36,0.232,0.408
0.314,0.262,0.423
0.368,0.363,0.269
0.438,0.309,0.253
0.316,0.413,0.271
0.313,0.376,0.31
0.299,0.375,0.326
0.346,0.349,0.305
0.338,0.316,0.345
0.337,0.378,0.285
0.185,0.483,0.332
0.331,0.296,0.373
0.319,0.306,0.375
0.378,0.319,0.303
0.33,0.329,0.341
0.339,0.191,0.469
0.537,0.195,0.268
0.227,0.687,0.086
0.351,0.317,0.332
0.45,0.286,0.264
0.327,0.347,0.326
0.36,0.267,0.373
0.317,0.31,0.374
0.246,0.29,0.464
0.249,0.386,0.365
0.257,0.434,0.31
0.417,0.157,0.425
0.506,0.26,0.234
0.259,0.318,0.422
0.303,0.327,0.37
0.31,0.381,0.309
0.292,0.379,0.329
0.304,0.546,0.149
0.495,0.195,0.31
0.398,0.324,0.278
0.226,0.582,0.192
0.404,0.418,0.178
0.339,0.389,0.271
0.38,0.229,0.391
0.258,0.204,0.538
0.332,0.269,0.399
0.362,0.378,0.26
0.482,0.282,0.235
0.275,0.324,0.401
0.396,0.29,0.313
0.274,0.428,0.298
0.357,0.31,0.333
0.349,0.368,0.283
0.268,0.407,0.325
0.209,0.488,0.302
0.32,0.411,0.269
0.286,0.333,0.38
0.207,0.464,0.33
0.159,0.389,0.452
0.37,0.304,0.326
0.297,0.416,0.287
0.374,0.365,0.261
0.389,0.275,0.336
0.232,0.203,0.564
0.277,0.442,0.282
0.266,0.471,0.262
0.21,0.431,0.359
0.361,0.367,0.272
0.392,0.245,0.363
