T1,T2,T3,position
"(0,(3,(1,2)));","(0,(1,(2,3)));","(0,(2,(1,3)));",
0.4084,0.3488,0.2428,0.000
0.3824,0.4024,0.2152,3082.000
0.3824,0.4024,0.2152,13735.000
0.344,0.4,0.256,27704.000
0.3568,0.3784,0.2648,46914.000
0.3832,0.3136,0.3032,54375.000
0.3832,0.3136,0.3032,68357.000
0.3898,0.3154,0.2948,70233.000
0.4116,0.2812,0.3072,101137.000
0.4116,0.2812,0.3072,101867.000
0.4156,0.2772,0.3072,106707.000
0.4156,0.2772,0.3072,115527.000
0.497,0.2468,0.2562,116080.000
0.3626,0.2596,0.3778,122083.000
0.3544,0.2624,0.3832,134589.000
0.3776,0.232,0.3904,171524.000
0.3928,0.188,0.4192,175320.000
0.3948,0.188,0.4172,204271.000
0.407,0.266,0.327,211955.000
0.3578,0.3098,0.3324,215865.000
0.37,0.315,0.315,238814.000
0.37,0.315,0.315,266369.000
0.37,0.315,0.315,268146.000
0.392,0.312,0.296,272603.000
0.389,0.312,0.299,309003.000
0.404,0.313,0.283,316322.000
0.4076,0.287,0.3054,325111.000
0.3884,0.2972,0.3144,328941.000
0.3854,0.3002,0.3144,330956.000
0.3854,0.3002,0.3144,353440.000
0.3812,0.3126,0.3062,363975.000
0.3902,0.3066,0.3032,370469.000
0.3542,0.3026,0.3432,375649.000
0.3542,0.3026,0.3432,409218.000
0.329,0.353,0.318,410157.000
0.3332,0.3446,0.3222,416833.000
0.3332,0.3446,0.3222,423649.000
0.3332,0.3406,0.3262,448937.000
0.3332,0.3406,0.3262,453102.000
0.3332,0.3406,0.3262,455254.000
0.3332,0.3406,0.3262,461548.000
0.3394,0.3535,0.3071,499789.000
0.3298,0.3586,0.3116,503049.000
0.3298,0.3586,0.3116,505810.000
0.3298,0.3586,0.3116,512190.000
0.3298,0.3586,0.3116,534567.000
0.3298,0.3586,0.3116,540734.000
0.3198,0.3706,0.3096,559955.000
0.3278,0.3686,0.3036,563408.000
0.3278,0.3686,0.3036,564988.000
0.3296,0.3852,0.2852,590057.000
0.3296,0.3852,0.2852,599727.000
0.2864,0.4068,0.3068,601094.000
0.2864,0.4068,0.3068,621186.000
0.2864,0.4088,0.3048,624107.000
0.2854,0.4088,0.3058,624391.000
0.3046,0.3822,0.3132,628108.000
0.3046,0.3822,0.3132,653731.000
0.3058,0.3906,0.3036,659872.000
0.2674,0.4098,0.3228,673452.000
0.2756,0.3722,0.3522,677997.000
0.2612,0.3398,0.399,689720.000
0.2612,0.3398,0.399,693511.000
0.2584,0.3384,0.4032,704599.000
0.2584,0.3384,0.4032,716232.000
0.2584,0.3384,0.4032,722171.000
0.2716,0.272,0.4564,741535.000
0.276,0.2454,0.4786,744576.000
0.2832,0.2526,0.4642,745094.000
0.2832,0.2526,0.4642,745400.000
0.3053,0.2462,0.4485,751754.000
0.3053,0.2462,0.4485,755760.000
0.308,0.2132,0.4788,761863.000
0.3284,0.215,0.4566,769475.000
0.3332,0.2254,0.4414,773903.000
0.3426,0.243,0.4144,796236.000
0.3426,0.243,0.4144,797607.000
0.3468,0.2568,0.3964,799336.000
0.3343,0.2552,0.4105,800266.000
0.337,0.2498,0.4132,818006.000
0.337,0.2488,0.4142,821621.000
0.337,0.2488,0.4142,831649.000
0.337,0.2488,0.4142,832271.000
0.3301,0.2458,0.4241,840798.000
0.3147,0.2467,0.4386,841020.000
0.3147,0.2467,0.4386,844741.000
0.3269,0.2681,0.405,845199.000
0.3157,0.2678,0.4165,852881.000
0.3157,0.2678,0.4165,856223.000
0.3289,0.2628,0.4083,861437.000
0.3442,0.2911,0.3647,864738.000
0.3691,0.3068,0.3241,869444.000
0.3691,0.3068,0.3241,870376.000
0.3691,0.3068,0.3241,879521.000
0.3759,0.2951,0.329,880887.000
0.3702,0.2818,0.348,881034.000
0.3494,0.2894,0.3612,883893.000
0.3494,0.2894,0.3612,887041.000
0.37,0.2758,0.3542,892256.000
0.364,0.2758,0.3602,905985.000
0.364,0.2758,0.3602,910823.000
0.357,0.262,0.381,911660.000
0.357,0.262,0.381,921034.000
0.357,0.263,0.38,948942.000
0.357,0.263,0.38,950004.000
0.357,0.263,0.38,979823.000
0.35,0.2492,0.4008,1016400.000
0.3308,0.2492,0.42,1020794.000
0.3328,0.2572,0.41,1026892.000
0.3328,0.2572,0.41,1052760.000
0.3328,0.2572,0.41,1084690.000
0.3328,0.2572,0.41,1085995.000
0.3328,0.2572,0.41,1097105.000
0.3336,0.259,0.4074,1124139.000
0.3336,0.259,0.4074,1126490.000
0.3336,0.259,0.4074,1131402.000
0.3336,0.259,0.4074,1131800.000
0.3096,0.2622,0.4282,1161408.000
0.3096,0.2622,0.4282,1163602.000
0.3096,0.2622,0.4282,1164721.000
0.276,0.235,0.489,1175807.000
0.259,0.25,0.491,1179931.000
0.26,0.249,0.491,1183019.000
0.263,0.267,0.47,1186368.000
0.2594,0.2933,0.4473,1208022.000
0.2594,0.2933,0.4473,1213950.000
0.2613,0.2871,0.4516,1222000.000
0.2588,0.3072,0.434,1232721.000
0.2588,0.3072,0.434,1241890.000
0.2574,0.2556,0.487,1249102.000
0.2592,0.2828,0.458,1257250.000
0.2358,0.3266,0.4376,1264092.000
0.2844,0.2852,0.4304,1274210.000
0.2714,0.2902,0.4384,1276582.000
0.2714,0.2902,0.4384,1300279.000
0.2714,0.2902,0.4384,1303500.000
0.2706,0.2922,0.4372,1314574.000
0.2706,0.2922,0.4372,1320881.000
0.2706,0.2842,0.4452,1342157.000
0.2729,0.3218,0.4053,1348369.000
0.2431,0.2534,0.5035,1358613.000
0.2596,0.2584,0.482,1361502.000
0.2596,0.2584,0.482,1366098.000
0.2633,0.2552,0.4815,1368024.000
0.2633,0.2552,0.4815,1397454.000
0.2263,0.2442,0.5295,1402249.000
0.2323,0.2332,0.5345,1427066.000
0.2559,0.2686,0.4755,1427561.000
0.3192,0.2398,0.441,1432480.000
0.3192,0.2398,0.441,1433065.000
0.3745,0.2645,0.361,1434544.000
0.3745,0.2645,0.361,1465955.000
0.3675,0.2525,0.38,1470685.000
0.3675,0.2525,0.38,1473114.000
0.3645,0.2505,0.385,1473460.000
0.3846,0.2564,0.359,1479089.000
0.3846,0.2564,0.359,1479735.000
0.4264,0.2486,0.325,1484614.000
0.4264,0.2486,0.325,1488175.000
0.3634,0.2836,0.353,1489493.000
0.2987,0.3028,0.3985,1491233.000
0.2987,0.3028,0.3985,1495985.000
0.3076,0.3134,0.379,1498168.000
0.3076,0.3158,0.3766,1515407.000
0.3268,0.2964,0.3768,1516457.000
0.3268,0.2964,0.3768,1540775.000
0.3268,0.2964,0.3768,1551939.000
0.3248,0.2936,0.3816,1556342.000
0.3248,0.2936,0.3816,1559609.000
0.3248,0.2936,0.3816,1562163.000
0.3248,0.2936,0.3816,1562730.000
0.3366,0.2978,0.3656,1571360.000
0.3366,0.2988,0.3646,1576279.000
0.3324,0.2978,0.3698,1581196.000
0.3248,0.2946,0.3806,1586638.000
0.3248,0.2946,0.3806,1588584.000
0.288,0.2905,0.4215,1597263.000
0.288,0.2905,0.4215,1597808.000
0.2831,0.283,0.4339,1603211.000
0.2963,0.3198,0.3839,1611717.000
0.2867,0.2913,0.422,1614408.000
0.3285,0.2873,0.3842,1620465.000
0.3375,0.2823,0.3802,1628530.000
0.4011,0.2897,0.3092,1630359.000
0.4085,0.2692,0.3223,1633474.000
0.41,0.261,0.329,1636362.000
0.3338,0.3209,0.3453,1636438.000
0.3431,0.3173,0.3396,1643088.000
0.3109,0.3375,0.3516,1650807.000
0.297,0.3423,0.3607,1661239.000
0.2981,0.3519,0.35,1677196.000
0.3047,0.3657,0.3296,1680852.000
0.3174,0.3456,0.337,1681768.000
0.2975,0.3554,0.3471,1686655.000
0.3075,0.3649,0.3276,1687572.000
0.3075,0.3649,0.3276,1703652.000
0.3065,0.3639,0.3296,1703929.000
0.3065,0.3639,0.3296,1710418.000
0.3206,0.3402,0.3392,1718433.000
0.3206,0.3402,0.3392,1718781.000
0.3206,0.3402,0.3392,1720193.000
0.3206,0.3402,0.3392,1726799.000
0.3206,0.3402,0.3392,1734532.000
0.3206,0.3402,0.3392,1735933.000
0.3206,0.3402,0.3392,1738517.000
0.3226,0.3422,0.3352,1751942.000
0.3226,0.3422,0.3352,1756142.000
0.3432,0.3536,0.3032,1759793.000
0.3348,0.3684,0.2968,1762480.000
0.3406,0.3582,0.3012,1763210.000
0.3314,0.373,0.2956,1767996.000
0.2818,0.3322,0.386,1795735.000
0.2818,0.3322,0.386,1806125.000
0.2574,0.3106,0.432,1839516.000
0.2694,0.3054,0.4252,1841704.000
0.2546,0.3018,0.4436,1843615.000
0.2492,0.2592,0.4916,1845985.000
0.2584,0.2886,0.453,1851539.000
0.274,0.2926,0.4334,1861482.000
0.2368,0.277,0.4862,1904001.000
0.2338,0.275,0.4912,1914823.000
0.2535,0.282,0.4645,1921882.000
0.2535,0.282,0.4645,1927522.000
0.2985,0.3195,0.382,1939694.000
0.292,0.319,0.389,1943075.000
0.2676,0.3152,0.4172,1948820.000
0.2832,0.3056,0.4112,1954589.000
0.2864,0.3176,0.396,1965135.000
0.2744,0.3316,0.394,1986323.000
0.276,0.3404,0.3836,2037305.000
0.276,0.3404,0.3836,2039741.000
0.3112,0.3308,0.358,2042272.000
0.284,0.3612,0.3548,2052867.000
0.3024,0.354,0.3436,2073396.000
0.282,0.348,0.37,2075358.000
0.282,0.348,0.37,2077819.000
0.2756,0.3408,0.3836,2078511.000
0.2628,0.3384,0.3988,2083037.000
0.2576,0.3508,0.3916,2089147.000
0.2576,0.3508,0.3916,2093220.000
0.2576,0.3508,0.3916,2105730.000
0.2624,0.4108,0.3268,2113033.000
0.2532,0.4156,0.3312,2113506.000
0.2468,0.4226,0.3306,2113517.000
0.2468,0.4226,0.3306,2114953.000
0.2982,0.4584,0.2434,2123337.000
0.3256,0.425,0.2494,2147366.000
0.3556,0.403,0.2414,2153516.000
0.2588,0.4398,0.3014,2168247.000
0.2588,0.4398,0.3014,2170533.000
0.2418,0.4718,0.2864,2173187.000
0.2418,0.4718,0.2864,2175183.000
0.2418,0.4718,0.2864,2179577.000
0.2448,0.4928,0.2624,2181328.000
0.2272,0.5248,0.248,2191813.000
0.2272,0.5248,0.248,2192292.000
0.2728,0.5392,0.188,2208571.000
0.2724,0.554,0.1736,2208779.000
0.2724,0.554,0.1736,2211073.000
0.2724,0.554,0.1736,2213918.000
0.2724,0.554,0.1736,2231105.000
0.3264,0.496,0.1776,2234134.000
0.3268,0.4812,0.192,2238757.000
0.3268,0.4812,0.192,2245262.000
0.3056,0.4784,0.216,2256388.000
0.2656,0.4784,0.256,2257051.000
0.2656,0.4784,0.256,2276805.000
0.2704,0.5072,0.2224,2297245.000
0.2824,0.3792,0.3384,2302864.000
0.2662,0.376,0.3578,2306123.000
0.2398,0.3928,0.3674,2312298.000
0.2038,0.4088,0.3874,2314782.000
0.1976,0.394,0.4084,2324190.000
0.1976,0.394,0.4084,2324550.000
0.1976,0.394,0.4084,2342562.000
0.3628,0.3224,0.3148,2353780.000
0.3628,0.3224,0.3148,2363691.000
0.3618,0.3224,0.3158,2371376.000
0.3578,0.3244,0.3178,2383155.000
0.3499,0.3401,0.31,2405536.000
0.3639,0.3331,0.303,2414488.000
0.3826,0.3524,0.265,2431684.000
0.3826,0.3524,0.265,2433978.000
0.3786,0.3436,0.2778,2442890.000
0.3822,0.3292,0.2886,2449153.000
0.3732,0.3262,0.3006,2467183.000
0.3712,0.3262,0.3026,2477117.000
0.3528,0.344,0.3032,2503484.000
0.3128,0.288,0.3992,2508088.000
0.3168,0.2996,0.3836,2510480.000
0.3288,0.2956,0.3756,2518604.000
0.3216,0.2444,0.434,2521122.000
0.326,0.2208,0.4532,2532651.000
0.3636,0.1696,0.4668,2533340.000
0.3636,0.1636,0.4728,2551978.000
0.4012,0.149,0.4498,2556248.000
0.4072,0.1502,0.4426,2562436.000
0.3917,0.146,0.4623,2563356.000
0.3917,0.146,0.4623,2571272.000
0.3377,0.1377,0.5246,2576326.000
0.311,0.177,0.512,2590842.000
0.311,0.227,0.462,2590890.000
0.3099,0.2019,0.4882,2623354.000
0.3099,0.2019,0.4882,2625047.000
0.2549,0.3519,0.3932,2628293.000
0.2549,0.3519,0.3932,2633861.000
0.2305,0.2771,0.4924,2635837.000
0.2305,0.2771,0.4924,2635916.000
0.2405,0.2711,0.4884,2640551.000
0.2995,0.3183,0.3822,2678876.000
0.2851,0.2897,0.4252,2683253.000
0.2851,0.2897,0.4252,2690255.000
0.2952,0.2804,0.4244,2693394.000
0.3048,0.2652,0.43,2694303.000
0.336,0.2728,0.3912,2700885.000
0.3396,0.272,0.3884,2709543.000
0.3932,0.2224,0.3844,2720229.000
0.3932,0.2224,0.3844,2733804.000
0.3932,0.2224,0.3844,2737996.000
0.3932,0.2224,0.3844,2744448.000
0.3364,0.258,0.4056,2751398.000
0.3364,0.258,0.4056,2751609.000
0.3417,0.25,0.4083,2754764.000
0.3417,0.25,0.4083,2757968.000
0.3417,0.25,0.4083,2777487.000
0.347,0.2588,0.3942,2785006.000
0.3368,0.2764,0.3868,2788992.000
0.3368,0.2764,0.3868,2791167.000
0.2816,0.2102,0.5082,2793608.000
0.2816,0.2102,0.5082,2799610.000
0.2816,0.2102,0.5082,2800046.000
0.2776,0.2102,0.5122,2807446.000
0.2716,0.2192,0.5092,2807863.000
0.2712,0.2284,0.5004,2835580.000
0.2712,0.2284,0.5004,2845113.000
0.2498,0.2242,0.526,2870525.000
0.1982,0.1986,0.6032,2872755.000
0.1982,0.1986,0.6032,2877804.000
0.1982,0.1986,0.6032,2878711.000
0.2006,0.193,0.6064,2882056.000
0.2088,0.1724,0.6188,2883646.000
0.2288,0.1724,0.5988,2886579.000
0.2288,0.1724,0.5988,2891869.000
0.2288,0.1724,0.5988,2892269.000
0.228,0.2428,0.5292,2903041.000
0.228,0.2428,0.5292,2905677.000
0.2444,0.2504,0.5052,2913080.000
0.2352,0.268,0.4968,2916376.000
0.2256,0.2424,0.532,2919321.000
0.256,0.2384,0.5056,2922662.000
0.2562,0.2548,0.489,2938101.000
0.2503,0.2528,0.4969,2943131.000
0.2675,0.319,0.4135,2946448.000
0.2655,0.321,0.4135,2951152.000
0.2665,0.3168,0.4167,2963524.000
0.2665,0.3168,0.4167,2975288.000
0.2656,0.299,0.4354,2987401.000
0.2656,0.299,0.4354,3020734.000
0.2628,0.295,0.4422,3027014.000
0.3012,0.281,0.4178,3027757.000
0.288,0.289,0.423,3033843.000
0.2976,0.2986,0.4038,3043271.000
0.3436,0.2736,0.3828,3047756.000
0.2998,0.2656,0.4346,3052817.000
0.2998,0.2656,0.4346,3058801.000
0.2882,0.261,0.4508,3064736.000
0.2882,0.261,0.4508,3065819.000
0.3102,0.244,0.4458,3071990.000
0.31,0.2486,0.4414,3075867.000
0.31,0.2438,0.4462,3087745.000
0.31,0.2438,0.4462,3122519.000
0.301,0.2438,0.4552,3124413.000
0.274,0.2501,0.4759,3132447.000
0.26,0.2741,0.4659,3162084.000
0.26,0.2741,0.4659,3191167.000
0.3174,0.2483,0.4343,3199307.000
0.377,0.2672,0.3558,3201281.000
0.377,0.2672,0.3558,3217002.000
0.4544,0.2873,0.2583,3220798.000
0.4544,0.2873,0.2583,3222092.000
0.4752,0.257,0.2678,3226272.000
0.434,0.2438,0.3222,3230639.000
0.4544,0.254,0.2916,3245824.000
0.4476,0.2506,0.3018,3259587.000
0.4654,0.2552,0.2794,3262809.000
0.4614,0.2592,0.2794,3274452.000
0.4744,0.2604,0.2652,3295250.000
0.4714,0.2664,0.2622,3305694.000
0.4674,0.2704,0.2622,3312162.000
0.4762,0.2712,0.2526,3322524.000
0.492,0.2786,0.2294,3323942.000
0.492,0.2786,0.2294,3345581.000
0.492,0.2786,0.2294,3357131.000
0.492,0.2786,0.2294,3365380.000
0.512,0.2578,0.2302,3371219.000
0.4782,0.278,0.2438,3383619.000
0.4782,0.278,0.2438,3388440.000
0.4782,0.278,0.2438,3396351.000
0.4782,0.278,0.2438,3398727.000
0.4848,0.2776,0.2376,3399906.000
0.4848,0.2776,0.2376,3403968.000
0.4938,0.268,0.2382,3407676.000
0.5002,0.2776,0.2222,3413596.000
0.4872,0.2732,0.2396,3416356.000
0.4716,0.292,0.2364,3418234.000
0.3876,0.3508,0.2616,3426951.000
0.3876,0.3508,0.2616,3434569.000
0.4392,0.3116,0.2492,3435930.000
0.4452,0.3116,0.2432,3446484.000
0.5562,0.2586,0.1852,3460314.000
0.5168,0.2628,0.2204,3469798.000
0.5176,0.2644,0.218,3475675.000
0.5176,0.2644,0.218,3490618.000
0.5722,0.2588,0.169,3491962.000
0.5688,0.2595,0.1717,3505688.000
0.5654,0.2602,0.1744,3513296.000
0.4754,0.3082,0.2164,3535841.000
0.4754,0.3082,0.2164,3563557.000
0.4722,0.3042,0.2236,3567541.000
0.471,0.3002,0.2288,3576022.000
0.471,0.3002,0.2288,3584657.000
0.471,0.3002,0.2288,3585129.000
0.471,0.3002,0.2288,3594417.000
0.4878,0.301,0.2112,3601630.000
0.4964,0.3046,0.199,3608422.000
0.4974,0.3076,0.195,3610488.000
0.4964,0.3056,0.198,3610599.000
0.4368,0.3431,0.2201,3614317.000
0.4388,0.3416,0.2196,3621613.000
0.4413,0.3346,0.2241,3623740.000
0.4298,0.3571,0.2131,3647127.000
0.4078,0.3781,0.2141,3654015.000
0.4078,0.3781,0.2141,3656780.000
0.3986,0.3893,0.2121,3668429.000
0.3926,0.3973,0.2101,3676729.000
0.3926,0.3973,0.2101,3677672.000
0.3926,0.3973,0.2101,3678997.000
0.4126,0.4028,0.1846,3686840.000
0.5346,0.2608,0.2046,3689860.000
0.3961,0.3423,0.2616,3691129.000
0.4001,0.3353,0.2646,3699712.000
0.4001,0.3353,0.2646,3702194.000
0.4291,0.3573,0.2136,3702595.000
0.4291,0.3573,0.2136,3703013.000
0.4291,0.3573,0.2136,3710238.000
0.4676,0.2708,0.2616,3720082.000
0.4676,0.2708,0.2616,3741481.000
0.4508,0.3038,0.2454,3744699.000
0.429,0.3112,0.2598,3749519.000
0.429,0.3112,0.2598,3761396.000
0.429,0.3112,0.2598,3771555.000
0.4852,0.28,0.2348,3779370.000
0.4852,0.28,0.2348,3790536.000
0.4852,0.28,0.2348,3804703.000
0.4656,0.2892,0.2452,3807109.000
0.4656,0.2892,0.2452,3807760.000
0.394,0.3536,0.2524,3809991.000
0.394,0.3536,0.2524,3810160.000
0.376,0.4024,0.2216,3810612.000
0.3564,0.3964,0.2472,3814920.000
0.3276,0.3856,0.2868,3825485.000
0.3276,0.3856,0.2868,3844907.000
0.348,0.3804,0.2716,3845014.000
0.3252,0.3712,0.3036,3857396.000
0.3252,0.3712,0.3036,3865112.000
0.3252,0.3952,0.2796,3873093.000
0.3252,0.3952,0.2796,3873462.000
0.3252,0.3952,0.2796,3874924.000
0.3172,0.3552,0.3276,3883881.000
0.3136,0.3516,0.3348,3905218.000
0.3376,0.3456,0.3168,3909579.000
0.2864,0.3724,0.3412,3913324.000
0.294,0.378,0.328,3917215.000
0.294,0.378,0.328,3926717.000
0.294,0.378,0.328,3945803.000
0.294,0.378,0.328,3949951.000
0.294,0.378,0.328,3951744.000
0.294,0.378,0.328,3961805.000
0.294,0.378,0.328,3972317.000
0.294,0.378,0.328,3975652.000
0.292,0.378,0.33,3977987.000
0.2872,0.3612,0.3516,3979415.000
0.2992,0.3322,0.3686,3999883.000
0.2932,0.3322,0.3746,4022792.000
0.2996,0.3346,0.3658,4024164.000
0.2996,0.3346,0.3658,4044536.000
0.3072,0.3484,0.3444,4054021.000
0.2992,0.3524,0.3484,4102228.000
0.2992,0.3524,0.3484,4103550.000
0.2968,0.351,0.3522,4104834.000
0.2938,0.3658,0.3404,4112575.000
0.2962,0.3672,0.3366,4115699.000
0.2913,0.3423,0.3664,4120021.000
0.2923,0.3563,0.3514,4120407.000
0.2923,0.3563,0.3514,4123907.000
0.2923,0.3563,0.3514,4145434.000
0.3668,0.3538,0.2794,4159428.000
0.3668,0.3538,0.2794,4174442.000
0.3668,0.3538,0.2794,4174514.000
0.3776,0.333,0.2894,4176220.000
0.3776,0.333,0.2894,4182548.000
0.3341,0.3585,0.3074,4185173.000
0.3133,0.3411,0.3456,4200706.000
0.3076,0.3408,0.3516,4200813.000
0.3076,0.3408,0.3516,4203993.000
0.3076,0.3408,0.3516,4225829.000
0.3076,0.3408,0.3516,4229373.000
0.3076,0.3408,0.3516,4237656.000
0.3036,0.3448,0.3516,4239133.000
0.3036,0.3448,0.3516,4246248.000
0.3155,0.3497,0.3348,4254970.000
0.3317,0.335,0.3333,4258874.000
0.3692,0.2945,0.3363,4268441.000
0.3702,0.2879,0.3419,4291901.000
0.3766,0.2724,0.351,4292433.000
0.3766,0.2724,0.351,4296798.000
0.3766,0.2724,0.351,4303601.000
0.2448,0.3872,0.368,4304967.000
0.2468,0.3872,0.366,4308820.000
0.2452,0.3988,0.356,4309994.000
0.2564,0.3876,0.356,4313287.000
0.258,0.386,0.356,4330496.000
0.309,0.335,0.356,4343471.000
0.2668,0.3436,0.3896,4344395.000
0.2542,0.3784,0.3674,4345836.000
0.2286,0.3848,0.3866,4369115.000
0.2318,0.372,0.3962,4379182.000
0.2483,0.348,0.4037,4389484.000
0.2483,0.348,0.4037,4393615.000
0.2483,0.348,0.4037,4404481.000
0.2483,0.351,0.4007,4409467.000
0.2483,0.351,0.4007,4413082.000
0.2155,0.4568,0.3277,4428925.000
0.2165,0.4041,0.3794,4432752.000
0.2326,0.3783,0.3891,4433654.000
0.2555,0.3639,0.3806,4435296.000
0.2708,0.3618,0.3674,4438251.000
0.2878,0.3548,0.3574,4442192.000
0.2739,0.3553,0.3708,4448619.000
0.2698,0.3238,0.4064,4479401.000
0.2795,0.3014,0.4191,4481996.000
0.2795,0.3014,0.4191,4490063.000
0.2795,0.3014,0.4191,4491923.000
0.2815,0.3004,0.4181,4513083.000
0.3059,0.297,0.3971,4522141.000
0.3203,0.3254,0.3543,4522991.000
0.3068,0.353,0.3402,4528818.000
0.31,0.3466,0.3434,4551294.000
0.31,0.3466,0.3434,4552978.000
0.3436,0.3706,0.2858,4558730.000
0.3436,0.3706,0.2858,4568925.000
0.3676,0.3418,0.2906,4580796.000
0.3762,0.3416,0.2822,4580986.000
0.3602,0.3452,0.2946,4583644.000
0.3602,0.3452,0.2946,4586035.000
0.3746,0.3392,0.2862,4586795.000
0.367,0.3336,0.2994,4587938.000
0.367,0.3336,0.2994,4588413.000
0.3622,0.3392,0.2986,4592350.000
0.3887,0.3255,0.2858,4594726.000
0.3803,0.3171,0.3026,4610426.000
0.3377,0.3335,0.3288,4612675.000
0.3377,0.3335,0.3288,4626008.000
0.3453,0.3333,0.3214,4632857.000
0.3453,0.3333,0.3214,4633973.000
0.3361,0.3523,0.3116,4647866.000
0.3126,0.3756,0.3118,4649399.000
0.3126,0.3756,0.3118,4654360.000
0.3126,0.3756,0.3118,4659818.000
0.315,0.3756,0.3094,4672495.000
0.315,0.3756,0.3094,4676536.000
0.2978,0.4252,0.277,4694052.000
0.2808,0.4592,0.26,4720455.000
0.2776,0.4696,0.2528,4734213.000
0.2848,0.4592,0.256,4749435.000
0.2848,0.4592,0.256,4794378.000
0.2884,0.454,0.2576,4797849.000
0.2872,0.4856,0.2272,4814684.000
0.284,0.496,0.22,4819154.000
0.284,0.496,0.22,4822112.000
0.2813,0.4882,0.2305,4841942.000
0.2925,0.4778,0.2297,4842286.000
0.3348,0.3952,0.27,4843018.000
0.3248,0.4152,0.26,4849442.000
0.3306,0.4106,0.2588,4850991.000
0.33,0.384,0.286,4853911.000
0.336,0.374,0.29,4867793.000
0.36,0.3805,0.2595,4885973.000
0.352,0.3725,0.2755,4896811.000
0.3448,0.3641,0.2911,4901241.000
0.3184,0.3625,0.3191,4937416.000
0.3252,0.3561,0.3187,4937921.000
0.326,0.3548,0.3192,4941350.000
0.326,0.3548,0.3192,4952213.000
0.3338,0.348,0.3182,4955114.000
0.3338,0.348,0.3182,4963227.000
0.327,0.3732,0.2998,4968600.000
0.327,0.3732,0.2998,4972565.000
0.3122,0.3964,0.2914,4982627.000
0.3122,0.3964,0.2914,4982758.000
0.3006,0.3604,0.339,4992468.000
0.2832,0.3758,0.341,4994551.000
0.2793,0.3704,0.3503,5021775.000
0.3008,0.3594,0.3398,5028578.000
0.309,0.3635,0.3275,5030573.000
0.3198,0.3737,0.3065,5031805.000
0.2822,0.4242,0.2936,5042097.000
0.277,0.3874,0.3356,5044132.000
0.2682,0.3898,0.342,5057410.000
0.2682,0.3898,0.342,5070684.000
0.2682,0.3898,0.342,5072596.000
0.2852,0.3778,0.337,5075158.000
0.2602,0.3898,0.35,5078948.000
0.2966,0.3742,0.3292,5079581.000
0.2924,0.366,0.3416,5079752.000
0.2816,0.3768,0.3416,5086664.000
0.3206,0.3518,0.3276,5088708.000
0.3632,0.3286,0.3082,5091007.000
0.3272,0.3346,0.3382,5127534.000
0.3252,0.3346,0.3402,5133567.000
0.3252,0.3346,0.3402,5133856.000
0.3066,0.3538,0.3396,5141881.000
0.3066,0.3538,0.3396,5149922.000
0.3036,0.3448,0.3516,5160164.000
0.2942,0.3246,0.3812,5178157.000
0.2942,0.3246,0.3812,5183563.000
0.3214,0.2942,0.3844,5186897.000
0.2844,0.2982,0.4174,5192027.000
0.2844,0.2982,0.4174,5218045.000
0.2844,0.2982,0.4174,5245430.000
0.2844,0.3142,0.4014,5262584.000
0.2948,0.2828,0.4224,5264667.000
0.2984,0.2802,0.4214,5272568.000
0.2896,0.2534,0.457,5272855.000
0.2896,0.2534,0.457,5291012.000
0.2896,0.2534,0.457,5299026.000
0.29,0.2848,0.4252,5302506.000
0.29,0.2848,0.4252,5303710.000
0.2686,0.2664,0.465,5303844.000
0.2686,0.2664,0.465,5312115.000
0.2686,0.2664,0.465,5315561.000
0.231,0.3048,0.4642,5316617.000
0.2068,0.2938,0.4994,5329750.000
0.1764,0.2974,0.5262,5335063.000
0.1764,0.2974,0.5262,5337885.000
0.1804,0.2894,0.5302,5338743.000
0.1804,0.2894,0.5302,5343847.000
0.1332,0.1842,0.6826,5345857.000
0.1332,0.1842,0.6826,5347705.000
0.1448,0.1902,0.665,5359470.000
0.1448,0.1902,0.665,5363075.000
0.2588,0.2858,0.4554,5363677.000
0.2588,0.2858,0.4554,5369735.000
0.2588,0.2858,0.4554,5376965.000
0.2588,0.2858,0.4554,5378739.000
0.2628,0.2898,0.4474,5383451.000
0.3006,0.2808,0.4186,5395962.000
0.3006,0.2808,0.4186,5399023.000
0.2895,0.2774,0.4331,5400158.000
0.3033,0.2874,0.4093,5404573.000
0.325,0.2968,0.3782,5409877.000
0.3418,0.279,0.3792,5417933.000
0.3232,0.27,0.4068,5437696.000
0.2976,0.2826,0.4198,5457575.000
0.2246,0.2722,0.5032,5457686.000
0.2276,0.2762,0.4962,5461745.000
0.2492,0.3254,0.4254,5476465.000
0.2306,0.3434,0.426,5477553.000
0.2492,0.3254,0.4254,5477565.000
0.207,0.2984,0.4946,5480083.000
0.207,0.2984,0.4946,5485555.000
0.1998,0.3448,0.4554,5486175.000
0.2628,0.3242,0.413,5493580.000
0.2524,0.3224,0.4252,5514965.000
0.2524,0.3224,0.4252,5523431.000
0.2256,0.3624,0.412,5530124.000
0.2256,0.3624,0.412,5562638.000
0.2256,0.3624,0.412,5563451.000
0.2256,0.3624,0.412,5566411.000
0.2256,0.3624,0.412,5566515.000
0.2256,0.3624,0.412,5569735.000
0.2256,0.3624,0.412,5578149.000
0.241,0.4025,0.3565,5581265.000
0.241,0.4025,0.3565,5586151.000
0.247,0.4115,0.3415,5586732.000
0.247,0.4115,0.3415,5595126.000
0.235,0.4195,0.3455,5601753.000
0.227,0.4115,0.3615,5613452.000
0.227,0.4115,0.3615,5645662.000
0.204,0.392,0.404,5655100.000
0.2124,0.436,0.3516,5660952.000
0.2124,0.436,0.3516,5674921.000
0.2026,0.2766,0.5208,5689791.000
0.2026,0.2766,0.5208,5693406.000
0.2026,0.2766,0.5208,5695343.000
0.1924,0.3339,0.4737,5740474.000
0.1924,0.3339,0.4737,5749919.000
0.1924,0.3339,0.4737,5756173.000
0.1924,0.3339,0.4737,5778569.000
0.2346,0.3655,0.3999,5798940.000
0.2346,0.3655,0.3999,5800245.000
0.2396,0.3624,0.398,5808028.000
0.2396,0.3624,0.398,5817757.000
0.236,0.3784,0.3856,5829357.000
0.2416,0.3058,0.4526,5836032.000
0.237,0.2952,0.4678,5838583.000
0.2458,0.2908,0.4634,5846895.000
0.259,0.29,0.451,5850557.000
0.267,0.297,0.436,5851481.000
0.264,0.27,0.466,5852877.000
0.288,0.286,0.426,5853696.000
0.288,0.286,0.426,5859764.000
0.277,0.282,0.441,5860913.000
0.299,0.272,0.429,5872610.000
0.2895,0.2465,0.464,5881467.000
0.2594,0.256,0.4846,5883604.000
0.2576,0.2678,0.4746,5889547.000
0.2576,0.2678,0.4746,5890121.000
0.2782,0.2764,0.4454,5902673.000
0.2782,0.2764,0.4454,5905151.000
0.2782,0.2764,0.4454,5909035.000
0.2782,0.2764,0.4454,5922624.000
0.2918,0.2839,0.4243,5926287.000
0.2918,0.2839,0.4243,5939056.000
0.2918,0.2839,0.4243,5942945.000
0.3092,0.2677,0.4231,5958496.000
0.3092,0.2677,0.4231,5969620.000
0.3392,0.2644,0.3964,5975173.000
0.3392,0.2644,0.3964,5977064.000
0.3148,0.2654,0.4198,5977642.000
0.3164,0.2558,0.4278,5977804.000
0.3166,0.2462,0.4372,5989967.000
0.3526,0.2622,0.3852,5996909.000
0.3836,0.2584,0.358,6023244.000
0.3836,0.2584,0.358,6027896.000
0.3836,0.2584,0.358,6038885.000
0.3832,0.2654,0.3514,6049230.000
0.3832,0.2654,0.3514,6049658.000
0.3832,0.2654,0.3514,6049995.000
0.3724,0.2662,0.3614,6066088.000
0.3694,0.2652,0.3654,6079550.000
0.3694,0.2652,0.3654,6080866.000
0.407,0.25,0.343,6086495.000
0.403,0.2468,0.3502,6092544.000
0.4346,0.2292,0.3362,6097530.000
0.431,0.2252,0.3438,6100117.000
0.431,0.2252,0.3438,6102104.000
0.431,0.2252,0.3438,6129603.000
0.41,0.228,0.362,6144000.000
0.41,0.227,0.363,6153686.000
0.277,0.211,0.512,6154771.000
0.28,0.212,0.508,6159391.000
0.2772,0.2168,0.506,6159552.000
0.2896,0.2136,0.4968,6160875.000
0.2896,0.2136,0.4968,6162519.000
0.289,0.2074,0.5036,6166897.000
0.2722,0.2218,0.506,6168990.000
0.2734,0.2342,0.4924,6171528.000
0.289,0.2254,0.4856,6183889.000
0.2856,0.2241,0.4903,6185703.000
0.299,0.1624,0.5386,6194587.000
0.1914,0.1248,0.6838,6200253.000
0.183,0.118,0.699,6202723.000
0.133,0.1145,0.7525,6234951.000
0.133,0.1145,0.7525,6241308.000
0.125,0.1145,0.7605,6245981.000
0.125,0.1025,0.7725,6247199.000
0.12,0.119,0.761,6248112.000
0.12,0.119,0.761,6248578.000
0.12,0.119,0.761,6277681.000
0.118,0.119,0.763,6282848.000
0.128,0.11,0.762,6287743.000
0.128,0.11,0.762,6308988.000
0.128,0.11,0.762,6310349.000
0.138,0.101,0.761,6321038.000
0.138,0.101,0.761,6334010.000
0.116,0.11,0.774,6347044.000
0.116,0.11,0.774,6347128.000
0.1212,0.178,0.7008,6359476.000
0.116,0.185,0.699,6376846.000
0.122,0.26,0.618,6378124.000
0.122,0.26,0.618,6385920.000
0.184,0.209,0.607,6401718.000
0.176,0.211,0.613,6405438.000
0.172,0.215,0.613,6414559.000
0.172,0.215,0.613,6416399.000
0.1639,0.2184,0.6177,6417943.000
0.1658,0.2256,0.6086,6419613.000
0.2414,0.2468,0.5118,6433380.000
0.2234,0.2628,0.5138,6434561.000
0.1682,0.2884,0.5434,6435669.000
0.1682,0.2884,0.5434,6464528.000
0.1556,0.309,0.5354,6481264.000
0.1048,0.3294,0.5658,6485462.000
0.1048,0.3294,0.5658,6496922.000
0.1094,0.3352,0.5554,6500642.000
0.1174,0.3582,0.5244,6500652.000
0.1174,0.3582,0.5244,6507660.000
0.1254,0.3682,0.5064,6548482.000
0.1112,0.3566,0.5322,6561627.000
0.1112,0.3566,0.5322,6577660.000
0.1172,0.2956,0.5872,6583316.000
0.1182,0.2916,0.5902,6584685.000
0.1292,0.2376,0.6332,6591362.000
0.1292,0.2376,0.6332,6597794.000
0.1564,0.2792,0.5644,6620398.000
0.1444,0.2252,0.6304,6649035.000
0.1638,0.2486,0.5876,6660883.000
0.1638,0.2486,0.5876,6674028.000
0.1638,0.2486,0.5876,6691790.000
0.1522,0.2608,0.587,6731806.000
0.1528,0.2546,0.5926,6733885.000
0.1872,0.2642,0.5486,6747011.000
0.1888,0.2678,0.5434,6759755.000
0.1918,0.2678,0.5404,6771665.000
0.1948,0.2608,0.5444,6774885.000
0.1938,0.2588,0.5474,6776491.000
0.1924,0.2534,0.5542,6782202.000
0.1606,0.2158,0.6236,6802806.000
0.1606,0.2158,0.6236,6809311.000
0.1584,0.2508,0.5908,6832808.000
0.1584,0.2508,0.5908,6839824.000
0.146,0.22,0.634,6840330.000
0.146,0.22,0.634,6846710.000
0.146,0.22,0.634,6860967.000
0.146,0.22,0.634,6895468.000
0.146,0.22,0.634,6911296.000
0.146,0.22,0.634,6920923.000
0.1502,0.245,0.6048,6934332.000
0.1402,0.249,0.6108,6938771.000
0.1432,0.25,0.6068,6942880.000
0.1464,0.2896,0.564,6944643.000
0.1496,0.3292,0.5212,6956145.000
0.1648,0.3532,0.482,6964924.000
0.1648,0.3532,0.482,6989317.000
0.2502,0.311,0.4388,6993475.000
0.2502,0.311,0.4388,7014854.000
0.2674,0.311,0.4216,7015370.000
0.2656,0.3092,0.4252,7017091.000
0.2868,0.3076,0.4056,7025940.000
0.2928,0.3086,0.3986,7026819.000
0.2928,0.3086,0.3986,7036024.000
0.306,0.3132,0.3808,7042657.000
0.306,0.3132,0.3808,7044113.000
0.2928,0.3086,0.3986,7057804.000
0.2928,0.3086,0.3986,7063868.000
0.2928,0.3086,0.3986,7070937.000
0.2928,0.3086,0.3986,7071497.000
0.2928,0.3086,0.3986,7108653.000
0.2796,0.304,0.4164,7111240.000
0.2721,0.309,0.4189,7116922.000
0.2721,0.309,0.4189,7117301.000
0.2706,0.315,0.4144,7128808.000
0.2706,0.315,0.4144,7134413.000
0.2706,0.315,0.4144,7143856.000
0.2529,0.3154,0.4317,7156182.000
0.2649,0.3154,0.4197,7181304.000
0.2649,0.3154,0.4197,7203154.000
0.2667,0.3172,0.4161,7206862.000
0.2648,0.3438,0.3914,7213498.000
0.2648,0.3438,0.3914,7232725.000
0.2648,0.3438,0.3914,7237470.000
0.277,0.3439,0.3791,7242248.000
0.2962,0.3343,0.3695,7244739.000
0.2832,0.3316,0.3852,7246434.000
0.288,0.3292,0.3828,7248694.000
0.288,0.3292,0.3828,7258132.000
0.288,0.3292,0.3828,7273917.000
0.288,0.3292,0.3828,7282141.000
0.288,0.3292,0.3828,7294324.000
0.288,0.3292,0.3828,7307500.000
0.295,0.3416,0.3634,7373040.000
0.295,0.3416,0.3634,7373910.000
0.295,0.3416,0.3634,7381054.000
0.295,0.3416,0.3634,7387547.000
0.2806,0.3488,0.3706,7388487.000
0.2806,0.3488,0.3706,7392149.000
0.2844,0.3424,0.3732,7393144.000
0.2733,0.4171,0.3096,7395590.000
0.2597,0.4456,0.2947,7411246.000
0.2406,0.4625,0.2969,7414028.000
0.2432,0.4747,0.2821,7414203.000
0.2766,0.4171,0.3063,7414771.000
0.2766,0.4171,0.3063,7419206.000
0.191,0.5025,0.3065,7419225.000
0.1844,0.5114,0.3042,7420624.000
0.1788,0.5048,0.3164,7424614.000
0.1896,0.5056,0.3048,7428076.000
0.1896,0.5056,0.3048,7429617.000
0.1896,0.5056,0.3048,7437668.000
0.1896,0.5056,0.3048,7439299.000
0.1984,0.4894,0.3122,7441399.000
0.2404,0.4314,0.3282,7442403.000
0.2236,0.459,0.3174,7481190.000
0.148,0.471,0.381,7485471.000
0.164,0.471,0.365,7487261.000
0.1896,0.4774,0.333,7503526.000
0.196,0.447,0.357,7504935.000
0.1512,0.4994,0.3494,7511428.000
0.1784,0.4794,0.3422,7520096.000
0.196,0.447,0.357,7526112.000
0.196,0.447,0.357,7544481.000
0.22,0.4734,0.3066,7549319.000
0.22,0.4734,0.3066,7552591.000
0.2548,0.4734,0.2718,7563463.000
0.2508,0.4774,0.2718,7566691.000
0.2508,0.4774,0.2718,7573312.000
0.2508,0.4774,0.2718,7577295.000
0.256,0.4256,0.3184,7584265.000
0.253,0.3954,0.3516,7603090.000
0.2767,0.3963,0.327,7606222.000
0.2927,0.3943,0.313,7619706.000
0.3131,0.375,0.3119,7622373.000
0.3206,0.4012,0.2782,7650219.000
0.3206,0.4012,0.2782,7660307.000
0.3174,0.4138,0.2688,7661872.000
0.307,0.4154,0.2776,7666125.000
0.307,0.4154,0.2776,7672250.000
0.3142,0.394,0.2918,7699236.000
0.3116,0.381,0.3074,7699474.000
0.3218,0.3602,0.318,7718149.000
0.317,0.3728,0.3102,7721524.000
0.2766,0.3968,0.3266,7733900.000
0.2814,0.3812,0.3374,7739710.000
0.3038,0.3836,0.3126,7741130.000
0.2918,0.3886,0.3196,7744017.000
0.2918,0.3886,0.3196,7744378.000
0.2726,0.3814,0.346,7749447.000
0.2726,0.3814,0.346,7754939.000
0.2726,0.3814,0.346,7765010.000
0.2406,0.435,0.3244,7771781.000
0.2502,0.4342,0.3156,7773764.000
0.2408,0.4648,0.2944,7774768.000
0.2408,0.4648,0.2944,7777548.000
0.2408,0.4648,0.2944,7783609.000
0.2594,0.4306,0.31,7792137.000
0.2596,0.4234,0.317,7797476.000
0.2594,0.4306,0.31,7803626.000
0.2632,0.4436,0.2932,7812507.000
0.2632,0.4436,0.2932,7817524.000
0.2632,0.4436,0.2932,7819788.000
0.2632,0.4436,0.2932,7825027.000
0.2632,0.4436,0.2932,7832124.000
0.2572,0.4496,0.2932,7841040.000
0.2572,0.4496,0.2932,7841084.000
0.2604,0.4296,0.31,7863603.000
0.2604,0.4296,0.31,7867231.000
0.2806,0.407,0.3124,7875136.000
0.2859,0.384,0.3301,7879722.000
0.3069,0.3834,0.3097,7881345.000
0.2896,0.41,0.3004,7884701.000
0.2986,0.413,0.2884,7889915.000
0.3758,0.3106,0.3136,7892276.000
0.3712,0.3086,0.3202,7903060.000
0.3712,0.3086,0.3202,7908790.000
0.3716,0.3302,0.2982,7934238.000
0.3573,0.356,0.2867,7961602.000
0.3454,0.3706,0.284,7965594.000
0.3408,0.3686,0.2906,7969139.000
0.3467,0.3614,0.2919,7975456.000
0.3467,0.3614,0.2919,7979542.000
0.3459,0.3542,0.2999,7982417.000
0.3062,0.4092,0.2846,8019803.000
0.31,0.4036,0.2864,8029511.000
0.31,0.4036,0.2864,8031461.000
0.2148,0.4932,0.292,8032888.000
0.1996,0.5404,0.26,8050755.000
0.1944,0.5336,0.272,8053521.000
0.1944,0.5336,0.272,8054261.000
0.2097,0.4992,0.2911,8061386.000
0.2097,0.4992,0.2911,8064609.000
0.2159,0.5206,0.2635,8065398.000
0.2021,0.517,0.2809,8071845.000
0.2021,0.517,0.2809,8074956.000
0.1949,0.547,0.2581,8076905.000
0.2021,0.517,0.2809,8077384.000
0.2021,0.517,0.2809,8079996.000
0.2021,0.517,0.2809,8083374.000
0.2096,0.4993,0.2911,8085884.000
0.2052,0.4893,0.3055,8087236.000
0.242,0.4263,0.3317,8095925.000
0.2881,0.3683,0.3436,8100062.000
0.2873,0.4015,0.3112,8101637.000
0.2873,0.4015,0.3112,8107400.000
0.2941,0.4023,0.3036,8118099.000
0.2941,0.4023,0.3036,8119538.000
0.3002,0.4045,0.2953,8120532.000
0.3372,0.3817,0.2811,8121201.000
0.3374,0.3811,0.2815,8123842.000
0.3374,0.3811,0.2815,8125482.000
0.3374,0.3811,0.2815,8132692.000
0.3374,0.3811,0.2815,8149435.000
0.3374,0.3821,0.2805,8157043.000
0.3374,0.3821,0.2805,8158536.000
0.3639,0.3692,0.2669,8171937.000
0.3639,0.3692,0.2669,8184982.000
0.3639,0.3692,0.2669,8193589.000
0.3696,0.3605,0.2699,8196447.000
0.3696,0.3605,0.2699,8213871.000
0.3696,0.3605,0.2699,8226938.000
0.3576,0.3825,0.2599,8229031.000
0.3576,0.3825,0.2599,8233292.000
0.3576,0.3825,0.2599,8236750.000
0.3576,0.3825,0.2599,8251722.000
0.3576,0.3825,0.2599,8259895.000
0.3576,0.3825,0.2599,8262691.000
0.3493,0.4019,0.2488,8265991.000
0.3493,0.4019,0.2488,8271798.000
0.3493,0.4019,0.2488,8278135.000
0.3721,0.3497,0.2782,8287896.000
0.3606,0.3754,0.264,8288004.000
0.3491,0.4031,0.2478,8291086.000
0.3747,0.3768,0.2485,8296983.000
0.361,0.445,0.194,8301947.000
0.331,0.457,0.212,8319949.000
0.336,0.488,0.176,8322152.000
0.338,0.496,0.166,8323430.000
0.338,0.496,0.166,8338014.000
0.332,0.496,0.172,8342584.000
0.329,0.496,0.175,8348871.000
0.328,0.472,0.2,8357654.000
0.322,0.445,0.233,8362099.000
0.304,0.461,0.235,8365557.000
0.304,0.461,0.235,8367007.000
0.2434,0.4878,0.2688,8383556.000
0.2434,0.4878,0.2688,8385726.000
0.2434,0.4858,0.2708,8387330.000
0.259,0.457,0.284,8394681.000
0.259,0.457,0.284,8402130.000
0.2482,0.4522,0.2996,8422607.000
0.269,0.429,0.302,8425766.000
0.2414,0.4274,0.3312,8447152.000
0.2414,0.4274,0.3312,8449408.000
0.2354,0.4484,0.3162,8452508.000
0.2354,0.4484,0.3162,8468552.000
0.2354,0.4484,0.3162,8496563.000
0.1984,0.4784,0.3232,8517272.000
0.2006,0.457,0.3424,8518412.000
0.2006,0.457,0.3424,8537120.000
0.1924,0.5004,0.3072,8545303.000
0.2076,0.4916,0.3008,8545869.000
0.13,0.66,0.21,8546983.000
0.13,0.66,0.21,8549382.000
0.13,0.68,0.19,8550236.000
0.114,0.696,0.19,8558827.000
0.17,0.64,0.19,8590428.000
0.2308,0.5938,0.1754,8606416.000
0.3342,0.448,0.2178,8613049.000
0.3341,0.4465,0.2194,8620276.000
0.3368,0.3852,0.278,8622530.000
0.3141,0.409,0.2769,8623047.000
0.3221,0.402,0.2759,8629522.000
0.2911,0.3612,0.3477,8635503.000
0.3211,0.4244,0.2545,8635937.000
0.3111,0.4344,0.2545,8639864.000
0.3399,0.3945,0.2656,8647622.000
0.3258,0.4273,0.2469,8653046.000
0.3242,0.4052,0.2706,8654397.000
0.3226,0.4896,0.1878,8655487.000
0.3082,0.4656,0.2262,8673602.000
0.3082,0.4656,0.2262,8674793.000
0.3226,0.456,0.2214,8680798.000
0.3306,0.4936,0.1758,8684027.000
0.3306,0.4936,0.1758,8707498.000
0.329,0.4715,0.1995,8713046.000
0.329,0.4715,0.1995,8718583.000
0.2222,0.6182,0.1596,8718614.000
0.2344,0.5582,0.2074,8741772.000
0.2344,0.5582,0.2074,8745738.000
0.1944,0.5662,0.2394,8746704.000
0.1944,0.5662,0.2394,8751821.000
0.206,0.5684,0.2256,8767654.000
0.2396,0.506,0.2544,8779516.000
0.2576,0.5012,0.2412,8792473.000
0.2576,0.5012,0.2412,8792501.000
0.2614,0.5118,0.2268,8794877.000
0.2998,0.4446,0.2556,8801520.000
0.3032,0.4034,0.2934,8805672.000
0.3072,0.3892,0.3036,8807922.000
0.3238,0.383,0.2932,8833935.000
0.3242,0.3422,0.3336,8865482.000
0.32,0.3801,0.2999,8865577.000
0.32,0.3801,0.2999,8878571.000
0.3359,0.3788,0.2853,8895982.000
0.3069,0.4056,0.2875,8897964.000
0.3121,0.4162,0.2717,8909500.000
0.308,0.4114,0.2806,8910836.000
0.2921,0.4096,0.2983,8914079.000
0.2781,0.4002,0.3217,8926727.000
0.3027,0.3808,0.3165,8928144.000
0.3054,0.3814,0.3132,8932857.000
0.3054,0.3814,0.3132,8947875.000
0.3054,0.3814,0.3132,8947877.000
0.261,0.383,0.356,8949787.000
0.2831,0.3891,0.3278,8963724.000
0.2831,0.3891,0.3278,8970076.000
0.2846,0.3898,0.3256,8977606.000
0.2712,0.4076,0.3212,8979597.000
0.2972,0.3948,0.308,8989106.000
0.2972,0.3948,0.308,8991346.000
0.2892,0.4056,0.3052,9000916.000
0.2892,0.4066,0.3042,9009952.000
0.2516,0.4338,0.3146,9016546.000
0.2276,0.4438,0.3286,9018551.000
0.2326,0.4828,0.2846,9025064.000
0.2296,0.4808,0.2896,9031165.000
0.2268,0.4944,0.2788,9034132.000
0.2568,0.4544,0.2888,9043865.000
0.2568,0.4544,0.2888,9062433.000
0.2548,0.4544,0.2908,9074151.000
0.2528,0.4194,0.3278,9077361.000
0.256,0.4178,0.3262,9092311.000
0.256,0.4178,0.3262,9094020.000
0.2128,0.4784,0.3088,9110921.000
0.2128,0.4784,0.3088,9113467.000
0.2248,0.4684,0.3068,9121047.000
0.2312,0.4652,0.3036,9121796.000
0.2312,0.4652,0.3036,9124077.000
0.2542,0.4566,0.2892,9152380.000
0.2482,0.4626,0.2892,9156848.000
0.3396,0.4198,0.2406,9175858.000
0.37,0.407,0.223,9177407.000
0.3785,0.4165,0.205,9193153.000
0.3655,0.4155,0.219,9210267.000
0.3655,0.4155,0.219,9236689.000
0.3768,0.3955,0.2277,9257248.000
0.3768,0.3955,0.2277,9268020.000
0.3768,0.3955,0.2277,9271450.000
0.3788,0.3935,0.2277,9293129.000
0.3248,0.4072,0.268,9297099.000
0.3248,0.4072,0.268,9327168.000
0.3226,0.408,0.2694,9328092.000
0.2936,0.4012,0.3052,9338975.000
0.3072,0.4328,0.26,9356473.000
0.3072,0.4328,0.26,9369890.000
0.3072,0.4328,0.26,9377052.000
0.2404,0.4872,0.2724,9378960.000
0.2404,0.4872,0.2724,9388416.000
0.248,0.4668,0.2852,9388855.000
0.248,0.4668,0.2852,9393645.000
0.2424,0.475,0.2826,9395603.000
0.226,0.4844,0.2896,9396960.000
0.2312,0.4916,0.2772,9407872.000
0.2312,0.4916,0.2772,9425667.000
0.264,0.5124,0.2236,9426694.000
0.264,0.5124,0.2236,9428093.000
0.3,0.4788,0.2212,9433699.000
0.2584,0.4916,0.25,9439330.000
0.2584,0.4916,0.25,9440333.000
0.2692,0.478,0.2528,9443132.000
0.2692,0.478,0.2528,9447820.000
0.35,0.4108,0.2392,9460030.000
0.3932,0.3508,0.256,9466945.000
0.3932,0.3508,0.256,9468478.000
0.3932,0.3508,0.256,9475089.000
0.381,0.3744,0.2446,9479192.000
0.3824,0.3644,0.2532,9520069.000
0.3824,0.3644,0.2532,9521800.000
0.3672,0.3884,0.2444,9529180.000
0.3672,0.3884,0.2444,9531931.000
0.3654,0.4048,0.2298,9545798.000
0.3822,0.4024,0.2154,9550349.000
0.3864,0.3988,0.2148,9567684.000
0.402,0.3772,0.2208,9569776.000
0.402,0.3772,0.2208,9586190.000
0.3896,0.3296,0.2808,9591172.000
0.3728,0.3824,0.2448,9609080.000
0.3896,0.3296,0.2808,9625002.000
0.3896,0.3296,0.2808,9626790.000
0.4042,0.2902,0.3056,9627509.000
0.4186,0.3158,0.2656,9636525.000
0.4022,0.3186,0.2792,9640263.000
0.3894,0.3242,0.2864,9642359.000
0.3808,0.3414,0.2778,9648968.000
0.3808,0.3414,0.2778,9653071.000
0.3808,0.3414,0.2778,9661955.000
0.3808,0.3414,0.2778,9663872.000
0.3778,0.3444,0.2778,9673804.000
0.3778,0.3444,0.2778,9678743.000
0.353,0.368,0.279,9680754.000
0.353,0.368,0.279,9686070.000
0.3195,0.377,0.3035,9695716.000
0.2625,0.455,0.2825,9712322.000
0.2835,0.449,0.2675,9715626.000
0.2835,0.449,0.2675,9717854.000
0.2835,0.449,0.2675,9722433.000
0.2715,0.473,0.2555,9726399.000
0.2715,0.473,0.2555,9726932.000
0.2715,0.473,0.2555,9747221.000
0.2595,0.497,0.2435,9770343.000
0.2595,0.497,0.2435,9771021.000
0.2925,0.462,0.2455,9776206.000
0.2925,0.462,0.2455,9802112.000
0.279,0.304,0.417,9803918.000
0.308,0.278,0.414,9805499.000
0.337,0.252,0.411,9820425.000
0.337,0.252,0.411,9848167.000
0.368,0.211,0.421,9858823.000
0.374,0.193,0.433,9865517.000
0.346,0.214,0.44,9881509.000
0.346,0.214,0.44,9886764.000
0.346,0.214,0.44,9891789.000
0.3293,0.227,0.4437,9892770.000
0.3448,0.2134,0.4418,9897561.000
0.307,0.2635,0.4295,9931614.000
0.317,0.269,0.414,9945617.000
0.3116,0.2168,0.4716,9960102.000
0.3096,0.2168,0.4736,9985174.000
0.3096,0.2168,0.4736,10008925.000
0.3096,0.2168,0.4736,10015751.000
0.3036,0.2313,0.4651,10039727.000
0.3036,0.2313,0.4651,10058202.000
0.3278,0.2379,0.4343,10068727.000
0.3278,0.2379,0.4343,10071983.000
0.3278,0.2379,0.4343,10075634.000
0.3101,0.2643,0.4256,10082805.000
0.3026,0.2678,0.4296,10087644.000
0.2856,0.4168,0.2976,10093009.000
0.2856,0.4168,0.2976,10097764.000
0.274,0.455,0.271,10103840.000
0.274,0.455,0.271,10106676.000
0.274,0.455,0.271,10108669.000
0.274,0.455,0.271,10110696.000
0.249,0.48,0.271,10126166.000
0.244,0.494,0.262,10126974.000
0.2658,0.4968,0.2374,10127250.000
0.288,0.447,0.265,10127295.000
0.2538,0.4938,0.2524,10134588.000
0.2046,0.5726,0.2228,10161417.000
0.1745,0.6085,0.217,10170260.000
0.1745,0.6085,0.217,10182037.000
0.17,0.63,0.2,10189207.000
0.119,0.711,0.17,10192542.000
0.0896,0.7554,0.155,10199656.000
0.0896,0.7824,0.128,10213945.000
0.0924,0.7526,0.155,10224780.000
0.1188,0.663,0.2182,10225112.000
0.1674,0.6087,0.2239,10229637.000
0.3494,0.4022,0.2484,10230719.000
0.3494,0.4022,0.2484,10232612.000
