T1,T2,T3
0.2772,0.2941,0.4287
0.1986,0.3923,0.4091
0.2606,0.5573,0.1821
0.4816,0.4172,0.1012
0.3752,0.4812,0.1436
0.383,0.1845,0.4325
0.4585,0.2171,0.3244
0.384,0.242,0.374
0.572,0.2128,0.2152
0.3162,0.2562,0.4276
0.283,0.314,0.403
0.3006,0.3851,0.3143
0.3002,0.5058,0.194
0.2584,0.5646,0.177
0.2492,0.5315,0.2193
0.3165,0.3628,0.3207
0.3264,0.4092,0.2644
0.344,0.42,0.236
0.5332,0.2408,0.226
0.3652,0.3138,0.321
0.4348,0.2404,0.3248
0.4746,0.2258,0.2996
0.5436,0.1896,0.2668
0.3383,0.3068,0.3549
0.2488,0.372,0.3792
0.279,0.3956,0.3254
0.2688,0.4446,0.2866
0.2412,0.4594,0.2994
0.2472,0.4836,0.2692
0.3192,0.4128,0.268
0.338,0.429,0.233
0.457,0.3144,0.2286
0.4892,0.2658,0.245
0.4638,0.2794,0.2568
0.4272,0.2709,0.3019
0.4744,0.2314,0.2942
0.6406,0.1782,0.1812
0.452,0.408,0.14
0.669,0.163,0.168
0.471,0.273,0.256
0.6104,0.1208,0.2688
0.526,0.2084,0.2656
0.408,0.1792,0.4128
0.4368,0.2872,0.276
0.778,0.174,0.048
0.5204000000000001,0.37160000000000004,0.10800000000000001
0.4338,0.3936,0.1726
0.4236,0.2848,0.2916
0.4128,0.3346,0.2526
0.5976,0.1872,0.2152
0.4723,0.2318,0.2959
0.5412,0.1954,0.2634
0.696,0.142,0.162
0.7232000000000001,0.12240000000000001,0.15440000000000004
0.4662,0.267,0.2668
0.5048,0.2896,0.2056
0.3866,0.4402,0.1732
0.3724,0.4808,0.1468
0.5432,0.2472,0.2096
0.3946,0.2796,0.3258
0.3842,0.319,0.2968
0.408,0.346,0.246
0.3198,0.4134,0.2668
0.301,0.4629,0.2361
0.2916,0.47,0.2384
0.1901,0.5753,0.2346
0.1958,0.5526,0.2516
0.2231,0.4861,0.2908
0.3534,0.3868,0.2598
0.308,0.3416,0.3504
0.3912,0.2638,0.345
0.3276,0.3656,0.3068
0.2918,0.386,0.3222
0.209,0.2866,0.5044
0.30500000000000005,0.44580000000000003,0.24920000000000003
0.343,0.438,0.219
0.3896,0.4088,0.2016
0.2958,0.4661,0.2381
0.2962,0.3892,0.3146
0.3246,0.3554,0.32
0.3678,0.3212,0.311
0.3374,0.3836,0.279
0.249,0.4572,0.2938
0.2582,0.3328,0.409
0.1866,0.3838,0.4296
0.2944,0.2908,0.4148
0.272,0.264,0.464
0.2448,0.2176,0.5376
0.492,0.22,0.288
0.45,0.24,0.31
0.39,0.254,0.356
0.359,0.2706,0.3704
0.3846,0.2987,0.3167
0.3718,0.2604,0.3678
0.2898,0.2472,0.463
0.276,0.2606,0.4634
0.2397,0.2891,0.4712
0.312,0.33,0.358
0.312,0.345,0.343
0.5492,0.2332,0.2176
0.4975,0.3155,0.187
0.6428,0.1756,0.1816
0.647,0.192,0.161
0.7375,0.0895,0.173
0.7764,0.0864,0.1372
0.685,0.165,0.15
0.773,0.115,0.112
0.537,0.1868,0.2762
0.5064,0.2138,0.2798
0.4231,0.353,0.2239
0.3195,0.2918,0.3887
0.3744,0.2616,0.364
0.40080000000000005,0.25120000000000003,0.34800000000000003
0.4158,0.2768,0.3074
0.5172,0.2604,0.2224
0.5288,0.3336,0.1376
0.5189,0.2838,0.1973
0.5066,0.3062,0.1872
0.5549,0.1673,0.2778
0.42,0.2284,0.3516
0.47,0.2316,0.2984
0.4264,0.2594,0.3142
0.3496,0.2844,0.366
0.3656,0.2978,0.3366
0.49260000000000004,0.30460000000000004,0.20280000000000004
0.3773,0.289,0.3337
0.389,0.3591,0.2519
0.3376,0.3346,0.3278
0.3602,0.2792,0.3606
0.3434,0.2012,0.4554
0.3098,0.24,0.4502
0.246,0.2292,0.5248
0.3328,0.261,0.4062
0.3044,0.2809,0.4147
0.305,0.3424,0.3526
0.3428,0.388,0.2692
0.3604,0.4032,0.2364
0.5688,0.1724,0.2588
0.3656,0.328,0.3064
0.395,0.2416,0.3634
0.314,0.269,0.417
0.3545,0.2749,0.3706
0.2191,0.4458,0.3351
0.232,0.41,0.358
0.2,0.525,0.275
0.2156,0.4834,0.301
0.2412,0.4848,0.274
0.2428,0.4704,0.2868
0.289,0.4364,0.2746
0.3,0.569,0.131
0.2886,0.445,0.2664
0.2171,0.4098,0.3731
0.0938,0.5788,0.3274
0.103,0.622,0.275
0.391,0.172,0.437
0.2328,0.5916,0.1756
0.2802,0.5676,0.1522
0.247,0.5617,0.1913
0.4818,0.3124,0.2058
0.416,0.3806,0.2034
0.4242,0.3062,0.2696
0.3296,0.4426,0.2278
0.2956,0.462,0.2424
0.4996,0.2776,0.2228
0.25730000000000003,0.39690000000000003,0.34580000000000005
0.2579,0.3853,0.3568
0.2335,0.5398,0.2267
0.2676,0.4672,0.2652
0.3132,0.4118,0.275
0.382,0.2868,0.3312
0.2478,0.4888,0.2634
0.2852,0.486,0.2288
0.3088,0.4108,0.2804
0.2926,0.2844,0.423
0.3574,0.2128,0.4298
0.343,0.1704,0.4866
0.4152,0.3009,0.2839
0.2354,0.3452,0.4194
0.2054,0.319,0.4756
0.2234,0.4519,0.3247
0.28,0.524,0.196
0.3516,0.2172,0.4312
0.293,0.242,0.465
0.2578,0.3694,0.3728
0.265,0.414,0.321
0.2824,0.395,0.3226
0.2912,0.3928,0.316
0.3016,0.3676,0.3308
0.3824,0.3064,0.3112
0.4642,0.326,0.2098
0.4252,0.3304,0.2444
0.6616,0.1724,0.166
0.5358,0.2288,0.2354
0.6536,0.1472,0.1992
0.5621,0.1936,0.2443
0.5700000000000001,0.20500000000000002,0.22500000000000003
0.5388,0.2146,0.2466
0.5322,0.2688,0.199
0.2765,0.2892,0.4343
0.3134,0.2448,0.4418
0.4198,0.1486,0.4316
0.3124,0.3622,0.3254
0.2461,0.3128,0.4411
0.3037,0.3568,0.3395
0.7438,0.0584,0.1978
0.7574,0.1352,0.1074
0.6990000000000001,0.14650000000000002,0.15450000000000003
0.2914,0.3731,0.3355
0.3892,0.4084,0.2024
0.4075,0.468,0.1245
0.168,0.6,0.232
0.3082,0.4564,0.2354
0.352,0.334,0.314
0.4712,0.2418,0.287
0.4056,0.3435,0.2509
0.505,0.301,0.194
0.334,0.222,0.444
0.3744,0.2708,0.3548
0.295,0.263,0.442
0.2342,0.2902,0.4756
0.2334,0.4234,0.3432
0.2628,0.4366,0.3006
0.2102,0.3406,0.4492
0.2004,0.4914,0.3082
0.142,0.552,0.306
0.2504,0.4344,0.3152
0.2132,0.4358,0.351
0.1772,0.352,0.4708
0.4238,0.3314,0.2448
0.257,0.453,0.29
0.2076,0.3068,0.4856
0.2914,0.2674,0.4412
0.2636,0.3776,0.3588
0.36,0.2688,0.3712
0.4502,0.1554,0.3944
0.51,0.144,0.346
0.475,0.117,0.408
0.362,0.149,0.489
0.7284,0.0348,0.2368
0.5701,0.2332,0.1967
0.394,0.334,0.272
0.4284,0.3012,0.2704
0.4004,0.3168,0.2828
0.3712,0.3178,0.311
0.3718,0.3932,0.235
0.386,0.3278,0.2862
0.4446,0.2482,0.3072
0.4368,0.2004,0.3628
0.4602,0.2656,0.2742
0.4236,0.2828,0.2936
0.377,0.3244,0.2986
0.215,0.4335,0.3515
0.25,0.381,0.369
0.29,0.205,0.505
0.206,0.14,0.654
0.2194,0.143,0.6376
0.3208,0.2318,0.4474
0.3291,0.2213,0.4496
0.4748,0.2402,0.285
0.5523,0.2138,0.2339
0.4024,0.3354,0.2622
0.3954,0.3197,0.2849
0.3325,0.4225,0.245
0.3815,0.3795,0.239
0.3635,0.3335,0.303
0.314,0.449,0.237
0.209,0.508,0.283
0.234,0.437,0.329
0.3785,0.329,0.2925
0.4251,0.2605,0.3144
0.3932,0.2814,0.3254
0.4861,0.2203,0.2936
0.4547,0.2465,0.2988
0.4056,0.3093,0.2851
0.44830000000000003,0.27440000000000003,0.27730000000000005
0.4454,0.2568,0.2978
0.4172,0.329,0.2538
0.4965,0.215,0.2885
0.3878,0.2732,0.339
0.3408,0.3528,0.3064
0.3328,0.3166,0.3506
0.3584,0.312,0.3296
0.2832,0.3488,0.368
0.3088,0.334,0.3572
0.27,0.3,0.43
0.2732,0.2312,0.4956
0.352,0.187,0.461
0.3704,0.2708,0.3588
0.46,0.2865,0.2535
0.525,0.41,0.065
0.6738,0.1451,0.1811
0.7714,0.1248,0.1038
0.4091,0.2668,0.3241
0.3172,0.2382,0.4446
0.45730000000000004,0.18460000000000001,0.35810000000000003
0.4204,0.1792,0.4004
0.3202,0.286,0.3938
0.3546,0.2152,0.4302
0.3458,0.2024,0.4518
0.3336,0.2424,0.424
0.372,0.252,0.376
0.4566,0.3369,0.2065
0.3225,0.338,0.3395
0.2955,0.252,0.4525
0.313,0.244,0.443
0.22,0.386,0.394
0.274,0.397,0.329
0.256,0.348,0.396
0.144,0.636,0.22
0.162,0.562,0.276
0.2,0.486,0.314
0.4122,0.2877,0.3001
0.3178,0.1988,0.4834
0.235,0.085,0.68
0.2158,0.0468,0.7374
0.5052,0.0672,0.4276
0.466,0.1164,0.4176
0.4623,0.1289,0.4088
0.291,0.216,0.493
0.2932,0.1844,0.5224
0.4086,0.1975,0.3939
0.615,0.1546,0.2304
0.4795,0.1975,0.323
0.7154,0.116,0.1686
0.6,0.212,0.188
0.4302,0.2446,0.3252
0.4923,0.2648,0.2429
0.3739,0.3219,0.3042
0.5036,0.2483,0.2481
0.5266,0.2521,0.2213
0.4776,0.2999,0.2225
0.3854,0.2986,0.316
0.3352,0.2616,0.4032
0.418,0.274,0.308
0.3675,0.254,0.3785
0.3811,0.1721,0.4468
0.3703,0.2167,0.413
0.3889,0.2099,0.4012
0.5296,0.1996,0.2708
0.4064,0.2627,0.3309
0.3342,0.2662,0.3996
0.3706,0.2828,0.3466
0.3364,0.3464,0.3172
0.405,0.3017,0.2933
0.3556,0.3318,0.3126
0.357,0.192,0.451
0.454,0.245,0.301
0.4492,0.2464,0.3044
0.3848,0.2008,0.4144
0.403,0.3126,0.2844
0.3896,0.3586,0.2518
0.4818,0.2696,0.2486
0.5182,0.235,0.2468
0.5614,0.2087,0.2299
0.39480000000000004,0.31980000000000003,0.28540000000000004
0.2465,0.542,0.2115
0.2914,0.329,0.3796
0.2718,0.3684,0.3598
0.2464,0.4346,0.319
0.2943,0.2946,0.4111
0.3264,0.302,0.3716
0.326,0.2876,0.3864
0.3076,0.326,0.3664
0.3866,0.3127,0.3007
0.2914,0.3944,0.3142
0.325,0.2224,0.4526
0.409,0.207,0.384
0.445,0.166,0.389
0.6021000000000001,0.16470000000000004,0.23320000000000002
0.31360000000000005,0.38480000000000003,0.30160000000000003
0.2112,0.5972,0.1916
0.3058,0.4068,0.2874
0.39,0.358,0.252
0.4659,0.2284,0.3057
0.4024,0.2826,0.315
0.4096,0.3283,0.2621
0.2708,0.4382,0.291
0.239,0.536,0.225
0.45820000000000005,0.36100000000000004,0.18080000000000002
0.39570000000000005,0.45380000000000004,0.15050000000000002
0.6522,0.2392,0.1086
0.6334,0.2168,0.1498
0.3445,0.2499,0.4056
0.3824,0.0848,0.5328
0.347,0.343,0.31
0.3506,0.3374,0.312
0.319,0.162,0.519
0.217,0.554,0.229
0.2144,0.502,0.2836
0.3112,0.4572,0.2316
0.2224,0.5636,0.214
0.137,0.714,0.149
0.159,0.634,0.207
0.162,0.546,0.292
0.294,0.5372,0.1688
0.3845,0.4212,0.1943
0.1936,0.4614,0.345
0.5191,0.2965,0.1844
0.4759,0.3446,0.1795
0.35,0.324,0.326
0.2616,0.2308,0.5076
0.207,0.1686,0.6244
0.2467,0.2128,0.5405
0.2082,0.263,0.5288
0.2148,0.162,0.6232
0.6362,0.2306,0.1332
0.671,0.182,0.147
0.6409,0.1392,0.2199
0.8019,0.1077,0.0904
0.8676,0.1267,0.0057
0.8838,0.1086,0.0076
0.3642,0.4274,0.2084
0.5822,0.2444,0.1734
0.3866,0.394,0.2194
0.5028,0.2319,0.2653
0.4108,0.2256,0.3636
0.4724,0.3618,0.1658
0.3486,0.3131,0.3383
0.3191,0.3852,0.2957
0.2762,0.4076,0.3162
0.4495,0.2097,0.3408
0.359,0.1108,0.5302
0.2458,0.3782,0.376
0.324,0.3852,0.2908
0.3768,0.2974,0.3258
0.3442,0.3532,0.3026
0.2788,0.3824,0.3388
0.2848,0.3874,0.3278
0.3252,0.3358,0.339
0.4212,0.3158,0.263
0.3432,0.352,0.3048
0.4851,0.2901,0.2248
0.471,0.333,0.196
0.599,0.209,0.192
0.453,0.253,0.294
0.502,0.269,0.229
0.431,0.249,0.32
0.2314,0.1106,0.658
0.3334,0.215,0.4516
0.3429,0.2552,0.4019
0.5504,0.1378,0.3118
0.6012,0.2429,0.1559
0.5897,0.2393,0.171
0.6242,0.1958,0.18
0.5542,0.2094,0.2364
0.5108,0.2176,0.2716
0.3928,0.3024,0.3048
0.3368,0.3036,0.3596
0.329,0.2915,0.3795
0.2384,0.3189,0.4427
0.2578,0.392,0.3502
0.2778,0.4626,0.2596
0.3765,0.2653,0.3582
0.395,0.275,0.33
0.4524,0.225,0.3226
0.4588,0.3198,0.2214
0.4566,0.2732,0.2702
0.3014,0.4194,0.2792
0.3772,0.4344,0.1884
0.4716,0.3472,0.1812
0.6408,0.1564,0.2028
0.5248,0.3064,0.1688
0.471,0.24,0.289
0.625,0.325,0.05
0.3438,0.3626,0.2936
0.5720000000000001,0.24940000000000004,0.17860000000000004
0.5548,0.2438,0.2014
0.4248,0.312,0.2632
0.4653,0.343,0.1917
0.5611,0.2055,0.2334
0.5562,0.2254,0.2184
0.5651,0.249,0.1859
0.6573,0.1884,0.1543
0.5832,0.2462,0.1706
0.4694,0.302,0.2286
0.4456,0.3284,0.226
0.3875,0.3367,0.2758
0.4372,0.2684,0.2944
0.3689,0.3001,0.331
0.23,0.4426,0.3274
0.2088,0.3583,0.4329
0.2439,0.2671,0.489
0.255,0.4372,0.3078
0.2322,0.443,0.3248
0.3534,0.2446,0.402
0.2312,0.2496,0.5192
0.3252,0.3004,0.3744
0.2612,0.3934,0.3454
0.384,0.301,0.315
0.59,0.24,0.17
0.4422,0.2234,0.3344
0.3122,0.4474,0.2404
0.3383,0.3973,0.2644
0.3568,0.2884,0.3548
0.3398,0.313,0.3472
0.4611,0.2612,0.2777
0.3394,0.3344,0.3262
0.3204,0.3322,0.3474
0.3606,0.3112,0.3282
0.3058,0.3884,0.3058
0.3838,0.3236,0.2926
0.2458,0.2586,0.4956
0.306,0.204,0.49
0.2096,0.2082,0.5822
0.4512,0.1866,0.3622
0.4639,0.1845,0.3516
0.2954,0.174,0.5306
0.2614,0.3968,0.3418
0.246,0.293,0.461
0.3254,0.4574,0.2172
0.3184,0.5078,0.1738
0.2972,0.4956,0.2072
0.234,0.588,0.178
0.262,0.516,0.222
0.346,0.34,0.314
0.4222,0.2796,0.2982
0.2795,0.288,0.4325
0.4389,0.29,0.2711
0.4074,0.2337,0.3589
0.428,0.2082,0.3638
0.4696,0.1812,0.3492
0.325,0.2783,0.3967
0.3936,0.2832,0.3232
0.365,0.2363,0.3987
0.3808,0.2325,0.3867
0.3448,0.2462,0.409
0.3391,0.318,0.3429
0.3299,0.3348,0.3353
0.3406,0.3938,0.2656
0.3396,0.3406,0.3198
0.274,0.4465,0.2795
0.1943,0.6206,0.1851
0.297,0.372,0.331
0.3114,0.2992,0.3894
0.3856,0.346,0.2684
0.4062,0.2877,0.3061
0.4172,0.3577,0.2251
0.4078,0.3613,0.2309
0.3078,0.4302,0.262
0.2956,0.4198,0.2846
0.2036,0.5206,0.2758
0.2429,0.5459,0.2112
0.3362,0.4053,0.2585
0.303,0.4556,0.2414
0.3238,0.4377,0.2385
0.423,0.278,0.299
0.3908,0.2808,0.3284
0.4024,0.2996,0.298
0.496,0.2404,0.2636
0.5106,0.2298,0.2596
0.7996,0.105,0.0954
0.6408,0.2173,0.1419
0.678,0.21,0.112
0.666,0.192,0.142
0.4884,0.1678,0.3438
0.5854,0.1562,0.2584
0.593,0.15,0.257
0.4082,0.2134,0.3784
0.4373,0.2411,0.3216
0.3902,0.2476,0.3622
0.2742,0.1992,0.5266
0.4158,0.2554,0.3288
0.4391,0.2586,0.3023
0.5204,0.2436,0.236
0.53,0.26,0.21
0.558,0.196,0.246
0.312,0.514,0.174
0.508,0.4,0.092
0.8581,0.0736,0.0683
0.6526,0.1762,0.1712
0.6188,0.1806,0.2006
0.461,0.34,0.199
0.393,0.393,0.214
0.36,0.4115,0.2285
0.297,0.2492,0.4538
0.309,0.3137,0.3773
0.3636,0.4201,0.2163
0.2628,0.5272,0.21
0.2499,0.5502,0.1999
0.4224,0.3218,0.2558
0.2994,0.2479,0.4527
0.117,0.445,0.438
0.0796,0.1144,0.806
0.4773,0.2154,0.3073
0.4192,0.2896,0.2912
0.3558,0.2852,0.359
0.476,0.228,0.296
0.339,0.283,0.378
0.1956,0.4175,0.3869
0.162,0.379,0.459
0.368,0.472,0.16
0.2199,0.59,0.1901
0.3791,0.4163,0.2046
0.4123,0.3571,0.2306
0.4272,0.3089,0.2639
0.4414,0.3091,0.2495
0.25260000000000005,0.5264000000000001,0.22100000000000003
0.3836,0.2664,0.35
0.2576,0.4112,0.3312
0.3304,0.2688,0.4008
0.2624,0.3962,0.3414
0.4568,0.2446,0.2986
0.4292,0.2826,0.2882
0.3464,0.3618,0.2918
0.3292,0.3206,0.3502
0.3632,0.2762,0.3606
0.416,0.314,0.27
0.408,0.283,0.309
0.3842,0.3374,0.2784
0.445,0.325,0.23
0.4648,0.3526,0.1826
0.4306,0.2888,0.2806
0.5296,0.2398,0.2306
0.3556,0.275,0.3694
0.4264,0.2888,0.2848
0.4659,0.3189,0.2152
0.3555,0.4199,0.2246
0.2834,0.5202,0.1964
0.3696,0.3667,0.2637
0.26,0.3894,0.3506
0.304,0.304,0.392
0.2997,0.2977,0.4026
0.326,0.3421,0.3319
0.30350000000000005,0.35050000000000003,0.34600000000000003
0.3507,0.3323,0.317
0.3831,0.3618,0.2551
0.224,0.4763,0.2997
0.2984,0.394,0.3076
0.2142,0.2841,0.5017
0.2913,0.3321,0.3766
0.4524,0.3813,0.1663
0.5824,0.2968,0.1208
0.6144000000000001,0.25120000000000003,0.13440000000000002
0.567,0.231,0.202
0.3532,0.2086,0.4382
0.3844,0.337,0.2786
0.2318,0.27,0.4982
0.1622,0.4328,0.405
0.1942,0.5126,0.2932
0.163,0.432,0.405
0.2071,0.2937,0.4992
0.2181,0.3353,0.4466
0.2232,0.3568,0.42
0.335,0.333,0.332
0.3428,0.3948,0.2624
0.326,0.4032,0.2708
0.3656,0.3716,0.2628
0.462,0.2646,0.2734
0.379,0.3166,0.3044
0.4432,0.2432,0.3136
0.4152,0.2804,0.3044
0.372,0.31,0.318
0.4202,0.2882,0.2916
0.5008,0.2768,0.2224
0.532,0.22,0.248
0.33,0.377,0.293
0.306,0.338,0.356
0.248,0.3772,0.3748
0.2526,0.4454,0.302
0.4882,0.314,0.1978
0.6044,0.2143,0.1813
0.4612,0.3064,0.2324
0.3998,0.3438,0.2564
0.4162,0.2968,0.287
0.448,0.2628,0.2892
0.4153,0.2672,0.3175
0.4182,0.2818,0.3
0.4258,0.2844,0.2898
0.3436,0.2994,0.357
0.501,0.163,0.336
0.3922,0.2992,0.3086
0.3828,0.2424,0.3748
0.3029,0.2951,0.402
0.3128,0.3126,0.3746
0.3372,0.2844,0.3784
0.318,0.278,0.404
0.406,0.206,0.388
0.147,0.408,0.445
0.2275,0.334,0.4385
0.25620000000000004,0.5126000000000001,0.23120000000000002
0.35,0.3258,0.3242
0.3152,0.3102,0.3746
0.3472,0.3204,0.3324
0.458,0.187,0.355
0.279,0.283,0.438
0.4458,0.214,0.3402
0.685,0.137,0.178
0.574,0.258,0.168
0.4239,0.4294,0.1467
0.5183,0.319,0.1627
0.5162,0.3194,0.1644
0.5117,0.3337,0.1546
0.4943,0.3043,0.2014
0.3753,0.2746,0.3501
0.411,0.4155,0.1735
0.4428,0.227,0.3302
0.489,0.194,0.317
0.522,0.228,0.25
0.54,0.246,0.214
0.4806,0.2778,0.2416
0.4372,0.3224,0.2404
0.4722,0.3028,0.225
0.4652,0.3286,0.2062
0.5086,0.2972,0.1942
0.5386,0.2398,0.2216
0.681,0.1666,0.1524
0.7762,0.1364,0.0874
0.5484,0.2454,0.2062
0.5568,0.2672,0.176
0.328,0.3028,0.3692
0.2732,0.3696,0.3572
0.3615,0.2388,0.3997
0.3876,0.2372,0.3752
0.4612,0.2383,0.3005
0.5626,0.1698,0.2676
0.492,0.18,0.328
0.511,0.176,0.313
0.4512,0.3413,0.2075
0.489,0.325,0.186
0.341,0.448,0.211
0.3018,0.3666,0.3316
0.3065,0.31,0.3835
0.327,0.2959,0.3771
0.24,0.2335,0.5265
0.2996,0.39,0.3104
0.2919,0.3499,0.3582
0.3368,0.274,0.3892
0.3298,0.268,0.4022
0.2733,0.2713,0.4554
0.3098,0.3068,0.3834
0.2995,0.369,0.3315
0.1728,0.2528,0.5744
0.3302,0.266,0.4038
0.3149,0.316,0.3691
0.367,0.3002,0.3328
0.2794,0.4118,0.3088
0.2452,0.5464,0.2084
0.3038,0.4584,0.2378
0.3774,0.3024,0.3202
0.3578,0.4168,0.2254
0.44120000000000004,0.40220000000000006,0.15660000000000002
0.6235,0.2132,0.1633
0.4385,0.2985,0.263
0.431,0.318,0.251
0.399,0.3564,0.2446
0.3554,0.3555,0.2891
0.3096,0.3648,0.3256
0.3693,0.3573,0.2734
0.3112,0.358,0.3308
0.3304,0.3812,0.2884
0.2622,0.4492,0.2886
0.3985,0.3169,0.2846
0.357,0.398,0.245
0.345,0.356,0.299
0.3012,0.4188,0.28
0.2758,0.4778,0.2464
0.2784,0.4796,0.242
0.2538,0.4762,0.27
0.304,0.436,0.26
0.3332,0.3328,0.334
0.3602,0.3164,0.3234
0.325,0.3702,0.3048
0.3162,0.3206,0.3632
0.286,0.198,0.516
0.566,0.234,0.2
0.6952,0.1222,0.1826
0.6356,0.1406,0.2238
0.5358,0.2176,0.2466
0.2752,0.35,0.3748
0.2714,0.3914,0.3372
0.25050000000000006,0.5145000000000001,0.23500000000000001
0.4676,0.3254,0.207
0.38960000000000006,0.36920000000000003,0.24120000000000003
0.324,0.412,0.264
0.2897,0.514,0.1963
0.3906,0.4426,0.1668
0.2268,0.6351,0.1381
0.2324,0.6629,0.1047
0.2603,0.5135,0.2262
0.2699,0.5425,0.1876
0.2842,0.3828,0.333
0.3332,0.411,0.2558
0.4791,0.2518,0.2691
0.614,0.178,0.208
0.4156,0.3082,0.2762
0.3419,0.3474,0.3107
0.3766,0.3336,0.2898
0.3528,0.3345,0.3127
0.3815,0.3006,0.3179
0.3654,0.3372,0.2974
0.5232,0.2484,0.2284
0.394,0.3,0.306
0.443,0.272,0.285
0.5602,0.2808,0.159
0.3492,0.2462,0.4046
0.4412,0.2412,0.3176
0.2658,0.2099,0.5243
0.4704,0.2409,0.2887
0.3292,0.2756,0.3952
0.2866,0.3264,0.387
0.4456,0.18,0.3744
0.366,0.188,0.446
0.2898,0.3174,0.3928
0.36000000000000004,0.28200000000000003,0.35800000000000004
0.301,0.335,0.364
0.1996,0.4144,0.386
0.234,0.2692,0.4968
0.1832,0.316,0.5008
0.3992,0.294,0.3068
0.478,0.274,0.248
0.604,0.242,0.154
0.487,0.27,0.243
0.4674,0.3086,0.224
0.3654,0.1326,0.502
0.406,0.252,0.342
0.3844,0.2828,0.3328
0.2528,0.2984,0.4488
0.4124,0.2572,0.3304
0.336,0.368,0.296
0.289,0.405,0.306
0.3318,0.3535,0.3147
0.3132,0.3078,0.379
0.3882,0.2949,0.3169
0.3452,0.2795,0.3753
0.3126,0.2676,0.4198
0.3412,0.2736,0.3852
0.361,0.267,0.372
0.3244,0.3274,0.3482
0.3188,0.331,0.3502
0.3208,0.3284,0.3508
0.2871,0.3012,0.4117
0.2745,0.2073,0.5182
0.2207,0.2566,0.5227
0.3506,0.2604,0.389
0.3372,0.2548,0.408
0.3556,0.2569,0.3875
0.4854,0.192,0.3226
0.4214,0.2398,0.3388
0.4298,0.2784,0.2918
0.3257,0.2997,0.3746
0.4408,0.2342,0.325
0.373,0.2708,0.3562
0.3912,0.3114,0.2974
0.3638,0.3264,0.3098
0.5862,0.2325,0.1813
0.536,0.2224,0.2416
0.3274,0.3412,0.3314
0.5154,0.2582,0.2264
0.5418,0.1896,0.2686
0.717,0.04,0.243
0.5402,0.1,0.3598
0.4766,0.1414,0.382
0.41,0.2245,0.3655
0.4122,0.2556,0.3322
0.2826,0.3894,0.328
0.262,0.249,0.489
0.3284,0.224,0.4476
0.215,0.49,0.295
0.2658,0.4168,0.3174
0.3238,0.4024,0.2738
0.433,0.235,0.332
0.4412,0.2144,0.3444
0.3026,0.2702,0.4272
0.472,0.2105,0.3175
0.533,0.225,0.242
0.3424,0.2908,0.3668
0.327,0.296,0.377
0.279,0.295,0.426
0.35850000000000004,0.38430000000000003,0.25720000000000004
0.156,0.4979,0.3461
0.1545,0.5654,0.2801
0.1633,0.4826,0.3541
0.4072,0.3611,0.2317
0.2748,0.4506,0.2746
0.2734,0.4274,0.2992
0.4994,0.3472,0.1534
0.462,0.2972,0.2408
0.299,0.2468,0.4542
0.3044,0.1772,0.5184
0.3696,0.237,0.3934
0.411,0.254,0.335
0.362,0.305,0.333
0.616,0.222,0.162
0.631,0.218,0.151
0.655,0.193,0.152
0.419,0.307,0.274
0.2954,0.3044,0.4002
0.5354000000000001,0.35860000000000003,0.10600000000000001
0.61,0.264,0.126
0.2428,0.678,0.0792
0.26860000000000006,0.6194000000000001,0.11200000000000002
0.24240000000000003,0.6172000000000001,0.14040000000000002
0.291,0.471,0.238
0.3796,0.2953,0.3251
0.3596,0.3145,0.3259
0.3484,0.2979,0.3537
0.3683,0.306,0.3257
0.3418,0.2336,0.4246
0.3194,0.2368,0.4438
0.3876,0.3166,0.2958
0.4426,0.2682,0.2892
0.681,0.1364,0.1826
0.493,0.248,0.259
0.5346,0.2318,0.2336
0.517,0.245,0.238
0.447,0.249,0.304
0.4224,0.329,0.2486
0.3698,0.369,0.2612
0.406,0.3138,0.2802
0.5694,0.2636,0.167
0.377,0.3235,0.2995
0.36,0.382,0.258
0.3894,0.3068,0.3038
0.217,0.344,0.439
0.3122,0.2858,0.402
0.305,0.357,0.338
0.296,0.234,0.47
0.3054,0.2788,0.4158
0.298,0.282,0.42
0.2112,0.3506,0.4382
0.2388,0.3008,0.4604
0.268,0.3992,0.3328
0.4018,0.32,0.2782
0.28,0.353,0.367
0.37,0.333,0.297
0.232,0.322,0.446
0.354,0.578,0.068
0.3632,0.2414,0.3954
0.4487,0.2974,0.2539
0.396,0.2668,0.3372
0.3294,0.2846,0.386
0.257,0.2065,0.5365
0.3096,0.1772,0.5132
0.3836,0.2576,0.3588
0.3596,0.3336,0.3068
0.4588,0.2808,0.2604
0.4564,0.2442,0.2994
0.3811,0.4122,0.2067
0.2424,0.5802,0.1774
0.2084,0.648,0.1436
0.2396,0.3852,0.3752
0.16,0.428,0.412
0.194,0.378,0.428
0.304,0.278,0.418
0.3196,0.2282,0.4522
0.3361,0.4752,0.1887
0.669,0.121,0.21
0.862,0.081,0.057
0.661,0.1992,0.1398
0.4982,0.3234,0.1784
0.3844,0.4248,0.1908
0.4506,0.2421,0.3073
0.4422,0.274,0.2838
0.4204,0.2628,0.3168
0.2288,0.5494,0.2218
0.28,0.339,0.381
0.2175,0.4465,0.336
0.251,0.39,0.359
0.2975,0.4765,0.226
0.5700000000000001,0.18700000000000003,0.24300000000000002
0.3618,0.2488,0.3894
0.4924,0.3453,0.1623
0.5544,0.3312,0.1144
0.4785,0.3219,0.1996
0.376,0.3177,0.3063
0.276,0.435,0.289
0.354,0.241,0.405
0.3984,0.2714,0.3302
0.3764,0.3032,0.3204
0.4228,0.1974,0.3798
0.5564,0.1456,0.298
0.5618,0.231,0.2072
0.388,0.3868,0.2252
0.435,0.258,0.307
0.469,0.301,0.23
0.1711,0.6316,0.1973
0.2698,0.4896,0.2406
0.5574,0.2284,0.2142
0.7074,0.1182,0.1744
0.6312,0.2816,0.0872
0.832,0.168,0.0
0.6798,0.129,0.1912
0.7258,0.147,0.1272
0.747,0.1066,0.1464
0.5328,0.2202,0.247
0.585,0.2595,0.1555
0.4722,0.2692,0.2586
0.3942,0.3006,0.3052
0.2245,0.2935,0.482
0.173,0.468,0.359
0.259,0.4035,0.3375
0.326,0.3595,0.3145
0.522,0.2022,0.2758
0.2537,0.2335,0.5128
0.2464,0.229,0.5246
0.3038,0.2376,0.4586
0.2432,0.3415,0.4153
0.3498,0.3428,0.3074
0.4908,0.2836,0.2256
0.3507,0.3109,0.3384
0.2462,0.3292,0.4246
0.28800000000000003,0.35400000000000004,0.35800000000000004
0.255,0.296,0.449
0.296,0.22,0.484
0.284,0.216,0.5
0.38,0.272,0.348
0.44,0.262,0.298
0.5024,0.216,0.2816
0.544,0.146,0.31
0.532,0.138,0.33
0.514,0.084,0.402
0.5576,0.2162,0.2262
0.432,0.105,0.463
0.497,0.142,0.361
0.489,0.142,0.369
0.59,0.222,0.188
0.624,0.274,0.102
0.614,0.2386,0.1474
0.7978000000000001,0.10420000000000001,0.09800000000000002
0.8036,0.067,0.1294
0.7147,0.1135,0.1718
0.79,0.078,0.132
0.7104,0.1848,0.1048
0.6263,0.1696,0.2041
0.6006,0.1792,0.2202
0.5976,0.1868,0.2156
0.6252,0.168,0.2068
0.606,0.1504,0.2436
0.7532,0.0844,0.1624
0.4165,0.2345,0.349
0.4197,0.2662,0.3141
0.4321,0.2736,0.2943
0.3837,0.3061,0.3102
0.3648,0.2742,0.361
0.373,0.2878,0.3392
0.3807,0.3087,0.3106
0.459,0.261,0.28
0.392,0.288,0.32
0.489,0.168,0.343
0.42,0.182,0.398
0.4108,0.3149,0.2743
0.4003,0.2997,0.3
0.3969,0.2643,0.3388
0.5761000000000001,0.15080000000000002,0.27310000000000006
0.531,0.1405,0.3285
0.5662,0.2219,0.2119
0.5212,0.1954,0.2834
0.4116,0.3392,0.2492
0.416,0.3512,0.2328
0.3452,0.3972,0.2576
0.3784,0.3576,0.264
0.3596,0.37,0.2704
0.28240000000000004,0.42200000000000004,0.29560000000000003
0.279,0.395,0.326
0.2316,0.5068,0.2616
0.2752,0.352,0.3728
0.2848,0.2832,0.432
0.3434,0.2682,0.3884
0.3956,0.3096,0.2948
0.3072,0.239,0.4538
0.3332,0.3628,0.304
0.4916,0.3038,0.2046
0.47640000000000005,0.28440000000000004,0.23920000000000002
0.4784,0.2708,0.2508
0.4304,0.2768,0.2928
0.475,0.287,0.238
0.554,0.248,0.198
0.3246,0.4245,0.2509
0.3096,0.4116,0.2788
0.3188,0.4324,0.2488
0.3392,0.4172,0.2436
0.5018,0.2902,0.208
0.44,0.38,0.18
0.3294,0.3742,0.2964
0.1868,0.6639,0.1493
0.3159,0.4457,0.2384
0.23320000000000002,0.5386000000000001,0.22820000000000001
0.3746,0.236,0.3894
0.4036,0.271,0.3254
0.417,0.2652,0.3178
0.3608,0.3248,0.3144
0.342,0.3138,0.3442
0.2656,0.5272,0.2072
0.2876000000000001,0.5156000000000001,0.19680000000000003
0.3202,0.4913,0.1885
0.2852,0.5067,0.2081
0.309,0.159,0.532
0.352,0.26,0.388
0.1,0.705,0.195
0.124,0.693,0.183
0.5276000000000001,0.16070000000000004,0.31170000000000003
0.3894,0.2038,0.4068
0.3362,0.2448,0.419
0.31460000000000005,0.38980000000000004,0.29560000000000003
0.326,0.498,0.176
0.236,0.542,0.222
0.429,0.2928,0.2782
0.392,0.3716,0.2364
0.5718,0.1886,0.2396
0.4031,0.2521,0.3448
0.446,0.274,0.28
0.376,0.223,0.401
0.3658,0.3906,0.2436
0.3956,0.2878,0.3166
0.4284,0.3342,0.2374
0.3134,0.3852,0.3014
0.3226,0.3486,0.3288
0.2775,0.3441,0.3784
0.4736,0.329,0.1974
0.268,0.3888,0.3432
0.2151,0.49,0.2949
0.56,0.1334,0.3066
0.1977,0.1449,0.6574
0.4421,0.2024,0.3555
0.5216,0.1924,0.286
0.4588,0.2246,0.3166
0.3998,0.306,0.2942
0.382,0.3145,0.3035
0.3626,0.2944,0.343
0.3196,0.2835,0.3969
0.5880000000000001,0.16280000000000003,0.24920000000000003
0.5962,0.2068,0.197
0.5655,0.2247,0.2098
0.6029,0.2005,0.1966
0.6163,0.1968,0.1869
0.5389,0.265,0.1961
0.5449,0.1986,0.2565
0.5784,0.2012,0.2204
0.6372,0.1596,0.2032
0.4989,0.2461,0.255
0.3806,0.3212,0.2982
0.3231,0.3559,0.321
0.3685,0.285,0.3465
0.3402,0.2464,0.4134
0.4074,0.1432,0.4494
0.3564,0.1446,0.499
0.239,0.21,0.551
0.4478,0.253,0.2992
0.5105000000000001,0.31300000000000006,0.17650000000000002
0.6953,0.141,0.1637
0.3628,0.2334,0.4038
0.3375,0.2625,0.4
0.4073,0.1991,0.3936
0.3,0.238,0.462
0.3374,0.2976,0.365
0.2782,0.2996,0.4222
0.2472,0.4204,0.3324
0.248,0.425,0.327
0.4604,0.2872,0.2524
0.479,0.2368,0.2842
0.4367,0.2485,0.3148
0.501,0.291,0.208
0.3304,0.4524,0.2172
0.3757,0.3387,0.2856
0.1968,0.476,0.3272
0.2068,0.4746,0.3186
