T1,T2,T3
0.3888,0.310272,0.300928
0.26184192,0.62818304,0.10997504
0.159872,0.564608,0.27552
0.5152,0.4224,0.0624
0.4941824,0.208064,0.2977536
0.536832,0.125888,0.33728
0.606336,0.312064,0.0816
0.46149888,0.25222144,0.28627968
0.661504,0.252608,0.085888
0.33577216,0.35822592,0.30600192
0.3145088,0.1779584,0.5075328
0.420928,0.377856,0.201216
0.68672,0.23776,0.07552
0.338048,0.1961344,0.4658176
0.370624,0.12,0.509376
0.48984064,0.19097088,0.31918848
0.31869184,0.34296832,0.33833984
0.583744,0.277312,0.138944
0.484096,0.202752,0.313152
0.5438208,0.2872576,0.1689216
0.380352,0.459904,0.159744
0.58536448,0.20395776,0.21067776
0.61728,0.04416,0.33856
0.50747904,0.1421056,0.35041536
0.0672,0.5568,0.376
0.44544,0.232576,0.321984
0.3463168,0.3894272,0.264256
0.77024,0.07296,0.1568
0.319552,0.530432,0.150016
0.29568,0.14592,0.5584
0.5776,0.1152,0.3072
0.168,0.352,0.48
0.544,0.280512,0.175488
0.38011136,0.29748736,0.32240128
0.39012864,0.25449216,0.3553792
0.502656,0.410112,0.087232
0.60352,0.199872,0.196608
0.287936,0.529984,0.18208
0.4287616,0.1784832,0.3927552
0.57536,0.1904,0.23424
0.336192,0.4884992,0.1753088
0.36673792,0.34281216,0.29044992
0.60667904,0.15084288,0.24247808
0.700928,0.212672,0.0864
0.58925824,0.18482688,0.22591488
0.383296,0.255552,0.361152
0.7546752,0.1542144,0.0911104
0.6224128,0.1873536,0.1902336
0.40137728,0.22747136,0.37115136
0.2819968,0.198784,0.5192192
0.39378432,0.18628864,0.41992704
0.415424,0.376448,0.208128
0.795136,0.135552,0.069312
0.61554432,0.27869184,0.10576384
0.287296,0.337216,0.375488
0.822336,0.144064,0.0336
0.58624,0.093568,0.320192
0.3964672,0.4900736,0.1134592
0.43808,0.192,0.36992
0.450112,0.390528,0.15936
0.573376,0.120064,0.30656
0.537984,0.081536,0.38048
0.42712576,0.3208704,0.25200384
0.436544,0.2368,0.326656
0.4346368,0.2276864,0.3376768
0.474112,0.263424,0.262464
0.3014528,0.2954752,0.403072
0.432512,0.308288,0.2592
0.540672,0.122496,0.336832
0.53629952,0.16408832,0.29961216
0.558976,0.290496,0.150528
0.120384,0.141696,0.73792
0.253184,0.318336,0.42848
0.2526592,0.36812032,0.37922048
0.38530304,0.29410304,0.32059392
0.3102592,0.151424,0.5383168
0.48528128,0.38087936,0.13383936
0.448192,0.525312,0.026496
0.532224,0.217792,0.249984
0.63286528,0.12338688,0.24374784
0.784,0.1232,0.0928
0.289024,0.0896,0.621376
0.682112,0.313408,0.00448
0.4262784,0.0314368,0.5422848
0.28785664,0.45894656,0.2531968
0.2336,0.45824,0.30816
0.5653888,0.1244416,0.3101696
0.328064,0.155136,0.5168
0.6496,0.0592,0.2912
0.4373888,0.25950464,0.30310656
0.6078464,0.266048,0.1261056
0.90543104,0.04817664,0.04639232
0.658752,0.176512,0.164736
0.21984,0.535232,0.244928
0.65510656,0.08381952,0.26107392
0.19955968,0.21639168,0.58404864
0.430592,0.06048,0.508928
0.240448,0.44768,0.311872
0.32206592,0.4357376,0.24219648
0.295296,0.17184,0.532864
0.16257792,0.57421824,0.26320384
0.711168,0.075712,0.21312
0.3423104,0.1694208,0.4882688
0.3459456,0.31334144,0.34071296
0.41759488,0.24940288,0.33300224
0.3879168,0.1501568,0.4619264
0.56260096,0.15569664,0.2817024
0.5216,0.258048,0.220352
0.32955136,0.39763712,0.27281152
0.5808,0.30208,0.11712
0.2815744,0.25664,0.4617856
0.5035264,0.2921728,0.2043008
0.13123328,0.59621376,0.27255296
0.504,0.12928,0.36672
0.41163264,0.26823168,0.32013568
0.374592,0.25024,0.375168
0.552448,0.263872,0.18368
0.38352896,0.29211136,0.32435968
0.3714304,0.3308928,0.2976768
0.60513536,0.201536,0.19332864
0.7871616,0.1496832,0.0631552
0.3154816,0.4681984,0.21632
0.84,0.0256,0.1344
0.19732736,0.10663936,0.69603328
0.53245696,0.34969088,0.11785216
0.229504,0.517632,0.252864
0.83104,0.0608,0.10816
0.178752,0.04224,0.779008
0.45720832,0.29906176,0.24372992
0.352,0.51744,0.13056
0.25384448,0.45569536,0.29046016
0.312768,0.553344,0.133888
0.40356352,0.35501824,0.24141824
0.449344,0.4704,0.080256
0.44404736,0.26110464,0.294848
0.804864,0.12544,0.069696
0.56,0.44,0.0
0.788032,0.169088,0.04288
0.66043904,0.13703936,0.2025216
0.457408,0.2592,0.283392
0.41833216,0.19919616,0.38247168
0.6208,0.2192,0.16
0.37184,0.523776,0.104384
0.624704,0.0256,0.349696
0.67064064,0.10249728,0.22686208
0.3810176,0.2447616,0.3742208
0.437952,0.181568,0.38048
0.605824,0.20139264,0.19278336
0.32569344,0.32956928,0.34473728
0.4785792,0.2113536,0.3100672
0.232,0.128,0.64
0.37625856,0.40335616,0.22038528
0.250368,0.542272,0.20736
0.46912,0.48864,0.04224
0.823104,0.074368,0.102528
0.33248,0.314368,0.353152
0.5191936,0.2193792,0.2614272
0.49536,0.260608,0.244032
0.627904,0.211584,0.160512
0.59936,0.116224,0.284416
0.685824,0.21088,0.103296
0.627008,0.035072,0.33792
0.603392,0.179648,0.21696
0.713792,0.155008,0.1312
0.5451136,0.2386816,0.2162048
0.383232,0.4021632,0.2146048
0.3072,0.6928,0.0
0.4521984,0.22089472,0.32690688
0.7368192,0.1122944,0.1508864
0.4041472,0.1390464,0.4568064
0.4112,0.3072,0.2816
0.824,0.008,0.168
0.91838976,0.03533312,0.04627712
0.4781568,0.1459328,0.3759104
0.37264896,0.35927808,0.26807296
0.58570752,0.20267264,0.21161984
0.5164672,0.2002944,0.2832384
0.210816,0.160448,0.628736
0.683776,0.0416,0.274624
0.57504,0.156032,0.268928
0.51064832,0.29693696,0.19241472
0.342592,0.021504,0.635904
0.32662016,0.57345792,0.09992192
0.6544896,0.1447552,0.2007552
0.840704,0.065856,0.09344
0.08096,0.613888,0.305152
0.7095552,0.2230144,0.0674304
0.37296896,0.20119552,0.42583552
0.39776,0.419072,0.183168
0.288896,0.38848,0.322624
0.56015104,0.13736448,0.30248448
0.43757056,0.42979328,0.13263616
0.46237952,0.16515584,0.37246464
0.46641408,0.20087296,0.33271296
0.39085824,0.26053888,0.34860288
0.2896,0.124416,0.585984
0.422528,0.207552,0.36992
0.281472,0.507776,0.210752
0.1312,0.10816,0.76064
0.3265024,0.232768,0.4407296
0.4560256,0.3681792,0.1757952
0.62464,0.14784,0.22752
0.499968,0.206528,0.293504
0.2442624,0.48431872,0.27141888
0.400512,0.209344,0.390144
0.4772736,0.2654208,0.2573056
0.382784,0.247296,0.36992
0.52,0.4608,0.0192
0.3584,0.408,0.2336
0.34860032,0.1694208,0.48197888
0.40736,0.16768,0.42496
0.123904,0.310016,0.56608
0.178048,0.41152,0.410432
0.6191744,0.2157056,0.16512
0.304,0.368,0.328
0.38199552,0.34038016,0.27762432
0.44352768,0.32743936,0.22903296
0.146176,0.330048,0.523776
0.9904,0.0,0.0096
0.64850176,0.21939712,0.13210112
0.907136,0.050304,0.04256
0.752256,0.144576,0.103168
0.633408,0.096896,0.269696
0.576,0.072,0.352
0.35670016,0.40571648,0.23758336
0.272,0.13248,0.59552
0.378624,0.353664,0.267712
0.96,0.030144,0.009856
0.72272384,0.17993984,0.09733632
0.49856,0.449088,0.052352
0.312,0.411904,0.276096
0.43175168,0.26888192,0.2993664
0.42999808,0.44349696,0.12650496
0.734464,0.2304,0.035136
0.31433216,0.31620352,0.36946432
0.417344,0.17088,0.411776
0.53581824,0.26627328,0.19790848
0.31470336,0.53390336,0.15139328
0.56704,0.339648,0.093312
0.2832,0.544,0.1728
0.54949888,0.23559936,0.21490176
0.4832,0.1904,0.3264
0.413632,0.3546112,0.2317568
0.52066816,0.13143808,0.34789376
0.427328,0.207232,0.36544
0.5691264,0.1982208,0.2326528
0.58169088,0.22708224,0.19122688
0.503424,0.208768,0.287808
0.866048,0.038976,0.094976
0.380352,0.5216,0.098048
0.49632,0.2304,0.27328
0.56224,0.38528,0.05248
0.6496,0.157632,0.192768
0.368704,0.267264,0.364032
0.49755136,0.41269248,0.08975616
0.21297408,0.20638208,0.58064384
0.39463168,0.22308864,0.38227968
0.30283776,0.33216512,0.36499712
0.149568,0.680064,0.170368
0.60760832,0.34217984,0.05021184
0.32520704,0.56936448,0.10542848
0.143168,0.731328,0.125504
0.592,0.2304,0.1776
0.547136,0.04096,0.411904
0.633024,0.1315584,0.2354176
0.28966912,0.68844544,0.02188544
0.31698688,0.26502656,0.41798656
0.55616,0.255552,0.188288
0.442496,0.326848,0.230656
0.41129216,0.24802816,0.34067968
0.3965184,0.3094272,0.2940544
0.789376,0.035904,0.17472
0.48670208,0.18253312,0.3307648
0.68476672,0.11185664,0.20337664
0.397504,0.290944,0.311552
0.22176768,0.28497664,0.49325568
0.324864,0.168512,0.506624
0.51264,0.3632,0.12416
0.400256,0.22488064,0.37486336
0.6412288,0.1815296,0.1772416
0.43585792,0.30825984,0.25588224
0.46824704,0.33608192,0.19567104
0.455936,0.284672,0.259392
0.28128,0.461056,0.257664
0.857152,0.066048,0.0768
0.18545664,0.59297792,0.22156544
0.50756608,0.28452096,0.20791296
0.45998592,0.34664704,0.19336704
0.3557376,0.3766912,0.2675712
0.614208,0.2761088,0.1096832
0.286336,0.277248,0.436416
0.648,0.293632,0.058368
0.96,0.04,0.0
0.37034496,0.25248512,0.37716992
0.70752,0.2352,0.05728
0.466368,0.420864,0.112768
0.5936128,0.1497216,0.2566656
0.21261312,0.48678912,0.30059776
0.44233728,0.03606528,0.52159744
0.5161472,0.3173632,0.1664896
0.393216,0.154624,0.45216
0.4589824,0.1822208,0.3587968
0.4653184,0.41494528,0.11973632
0.5515264,0.1389184,0.3095552
0.41073664,0.31607552,0.27318784
0.7962496,0.0209152,0.1828352
0.39168768,0.30370816,0.30460416
0.278976,0.017024,0.704
0.9408,0.0448,0.0144
0.3550208,0.231104,0.4138752
0.40970496,0.34944256,0.24085248
0.44,0.267904,0.292096
0.459648,0.332352,0.208
0.201088,0.273792,0.52512
0.360256,0.240768,0.398976
0.4175616,0.1522048,0.4302336
0.61663488,0.21817088,0.16519424
0.9792,0.0032,0.0176
0.622592,0.363584,0.013824
0.4112,0.2368,0.352
0.50792448,0.24994816,0.24212736
0.52384,0.2304,0.24576
0.533312,0.258048,0.20864
0.46976,0.4025984,0.1276416
0.3136896,0.4415488,0.2447616
0.452608,0.262464,0.284928
0.468672,0.311424,0.219904
0.54291712,0.03641344,0.42066944
0.31969536,0.43826432,0.24204032
0.24771584,0.46664448,0.28563968
0.7504,0.19712,0.05248
0.443776,0.1824,0.373824
0.21184,0.485568,0.302592
0.30752,0.4016,0.29088
0.38403584,0.21897216,0.396992
0.70432,0.107008,0.188672
0.40027904,0.06881024,0.53091072
0.388096,0.138432,0.473472
0.27972864,0.11644928,0.60382208
0.215168,0.330304,0.454528
0.36,0.389888,0.250112
0.32344832,0.30749952,0.36905216
0.298432,0.25824,0.443328
0.465728,0.284096,0.250176
0.56545792,0.27419904,0.16034304
0.314368,0.333632,0.352
0.3376,0.308224,0.354176
0.470336,0.208768,0.320896
0.60723968,0.19478016,0.19798016
0.43348736,0.39186432,0.17464832
0.285824,0.3059456,0.4082304
0.6738432,0.150912,0.1752448
0.577216,0.16244224,0.26034176
0.28532992,0.12278784,0.59188224
0.465728,0.403584,0.130688
0.535104,0.122816,0.34208
0.836544,0.011776,0.15168
0.54816,0.390272,0.061568
0.088192,0.818496,0.093312
0.3377792,0.39032832,0.27189248
0.55552,0.13056,0.31392
0.934208,0.008192,0.0576
0.44432384,0.28842752,0.26724864
0.66944,0.164096,0.166464
0.74151424,0.17797632,0.08050944
0.540544,0.3696,0.089856
0.78048,0.07168,0.14784
0.3381248,0.3225984,0.3392768
0.953408,0.02528,0.021312
0.30080256,0.29568512,0.40351232
0.22688,0.256,0.51712
0.386496,0.260736,0.352768
0.872,0.0,0.128
0.208832,0.227328,0.56384
0.3645824,0.2712448,0.3641728
0.68604672,0.03960064,0.27435264
0.46710784,0.22709248,0.30579968
0.28561408,0.07581696,0.63856896
0.586496,0.19232,0.221184
0.42592,0.034176,0.539904
0.2310528,0.5642752,0.204672
0.64732928,0.27598336,0.07668736
0.975744,0.017344,0.006912
0.248,0.357248,0.394752
0.401792,0.426816,0.171392
0.54349568,0.33327616,0.12322816
0.4374272,0.3332096,0.2293632
0.407168,0.2384,0.354432
0.77430528,0.16031744,0.06537728
0.34144,0.079488,0.579072
0.53917696,0.45821952,0.00260352
0.3900928,0.1742976,0.4356096
0.5975936,0.2269952,0.1754112
0.30356224,0.28965888,0.40677888
0.54280448,0.28491776,0.17227776
0.271104,0.577536,0.15136
0.665152,0.08832,0.246528
0.50636032,0.19028992,0.30334976
0.5104,0.192,0.2976
0.51121664,0.26098176,0.2278016
0.48863488,0.15443456,0.35693056
0.521856,0.182144,0.296
0.247552,0.33088,0.421568
0.244608,0.3470464,0.4083456
0.5353984,0.2827008,0.1819008
0.6848,0.16064,0.15456
0.48417024,0.16072704,0.35510272
0.305856,0.341824,0.35232
0.869888,0.005824,0.124288
0.2718208,0.26537728,0.46280192
0.870208,0.014592,0.1152
0.36143104,0.35674368,0.28182528
0.392448,0.337408,0.270144
0.85888,0.08736,0.05376
0.2988928,0.2146176,0.4864896
0.3152,0.1104,0.5744
0.408896,0.12352,0.467584
0.663616,0.12288,0.213504
0.6672,0.24,0.0928
0.3608192,0.3364352,0.3027456
0.5389696,0.2407936,0.2202368
0.513728,0.20384,0.282432
0.218496,0.197056,0.584448
0.246784,0.364864,0.388352
0.81408,0.049728,0.136192
0.5056,0.119552,0.374848
0.2539904,0.518272,0.2277376
0.706816,0.091456,0.201728
0.4544,0.445248,0.100352
0.403072,0.173824,0.423104
0.365568,0.27392,0.360512
0.3552,0.128,0.5168
0.4434304,0.4963328,0.0602368
0.4436352,0.3124224,0.2439424
0.5068288,0.3828096,0.1103616
0.2224,0.542592,0.235008
0.29619968,0.21416704,0.48963328
0.223872,0.13248,0.643648
0.435648,0.442176,0.122176
0.36596992,0.34650112,0.28752896
0.383744,0.49152,0.124736
0.688128,0.087424,0.224448
0.38281216,0.43219968,0.18498816
0.40576,0.37536,0.21888
0.24456448,0.19312128,0.56231424
0.9472,0.024,0.0288
0.548096,0.19936,0.252544
0.361472,0.415232,0.223296
0.32621312,0.24446464,0.42932224
0.208,0.3936,0.3984
0.28180224,0.3312768,0.38692096
0.5241856,0.0340992,0.4417152
0.20020736,0.26345984,0.5363328
0.316544,0.20032,0.483136
0.53529344,0.28566528,0.17904128
0.36346112,0.51500544,0.12153344
0.79849984,0.06167808,0.13982208
0.35818752,0.17183488,0.4699776
0.37344,0.360448,0.266112
0.70752,0.10944,0.18304
0.45007872,0.34443264,0.20548864
0.61460736,0.22064128,0.16475136
0.55776,0.180992,0.261248
0.58125568,0.19209216,0.22665216
0.72,0.28,0.0
0.33213952,0.40149504,0.26636544
0.460352,0.150144,0.389504
0.51872,0.23744,0.24384
0.323008,0.3648,0.312192
0.6636032,0.105344,0.2310528
0.26222848,0.298176,0.43959552
0.27933952,0.24025856,0.48040192
0.57696,0.02496,0.39808
0.715072,0.036864,0.248064
0.32747264,0.46962688,0.20290048
0.48506624,0.30112512,0.21380864
0.23904,0.192128,0.568832
0.537408,0.188928,0.273664
0.60497152,0.0860672,0.30896128
0.900096,0.095104,0.0048
0.425088,0.275584,0.299328
0.88702464,0.03418368,0.07879168
0.88,0.0288,0.0912
0.37209344,0.22322944,0.40467712
0.348672,0.501056,0.150272
0.846528,0.129536,0.023936
0.5767936,0.1956736,0.2275328
0.44709632,0.32138752,0.23151616
0.69008128,0.12519936,0.18471936
0.64928,0.050944,0.299776
0.3467264,0.42048,0.2327936
0.39831296,0.37202176,0.22966528
0.892288,0.0,0.107712
0.47773696,0.29299712,0.22926592
0.454976,0.119424,0.4256
0.33946368,0.3389952,0.32154112
0.256448,0.088064,0.655488
0.27298304,0.31955712,0.40745984
0.351296,0.233984,0.41472
0.44317952,0.28765696,0.26916352
0.406848,0.301696,0.291456
0.519552,0.256384,0.224064
0.4740864,0.3430912,0.1828224
0.84096,0.15424,0.0048
0.3884032,0.1985664,0.4130304
0.227072,0.514624,0.258304
0.26784,0.19616,0.536
0.5808,0.1888,0.2304
0.50858752,0.1987456,0.29266688
0.2915072,0.1453312,0.5631616
0.358208,0.4384,0.203392
0.873664,0.080512,0.045824
0.789376,0.090112,0.120512
0.4636544,0.2386688,0.2976768
0.37088,0.489856,0.139264
0.61568,0.298112,0.086208
0.47565312,0.30970112,0.21464576
0.7291264,0.1870848,0.0837888
0.2105472,0.3797248,0.409728
0.3744,0.408,0.2176
0.509824,0.386624,0.103552
0.3849984,0.4956032,0.1193984
0.414656,0.244096,0.341248
0.482688,0.101312,0.416
0.791616,0.139264,0.06912
0.47790848,0.32516096,0.19693056
0.1696,0.367808,0.462592
0.40935168,0.38750464,0.20314368
0.304896,0.3219456,0.3731584
0.70966016,0.19688192,0.09345792
0.608,0.256,0.136
0.6135168,0.1974016,0.1890816
0.3088,0.393088,0.298112
0.364608,0.49408,0.141312
0.368128,0.453568,0.178304
0.3408,0.268352,0.390848
0.5584,0.13536,0.30624
0.3472384,0.2377344,0.4150272
0.96,0.004096,0.035904
0.416192,0.30016,0.283648
0.412032,0.182208,0.40576
0.17168128,0.0976256,0.73069312
0.592512,0.203264,0.204224
0.936,0.064,0.0
0.371136,0.386048,0.242816
0.275968,0.140352,0.58368
0.448,0.24,0.312
0.460928,0.090176,0.448896
0.36923392,0.47604224,0.15472384
0.66297344,0.102976,0.23405056
0.3910144,0.2366976,0.372288
0.492032,0.288768,0.2192
0.657472,0.16224,0.180288
0.85248,0.08192,0.0656
0.60672,0.253952,0.139328
0.369088,0.3922176,0.2386944
0.4267392,0.316224,0.2570368
0.2630016,0.3254016,0.4115968
0.219712,0.676352,0.103936
0.7712,0.10848,0.12032
0.050624,0.867072,0.082304
0.62446336,0.13585408,0.23968256
0.58649856,0.22806272,0.18543872
0.7567616,0.1612672,0.0819712
0.224,0.3728,0.4032
0.54137344,0.25665024,0.20197632
0.61852672,0.15358464,0.22788864
0.43499008,0.30803968,0.25697024
0.60736,0.37664,0.016
0.273344,0.470528,0.256128
0.58072832,0.08873984,0.33053184
0.2205312,0.2251776,0.5542912
0.75925504,0.20187648,0.03886848
0.14978048,0.1529216,0.69729792
0.2688,0.206528,0.524672
0.35394816,0.53044992,0.11560192
0.31392,0.397376,0.288704
0.483328,0.1344,0.382272
0.373632,0.394176,0.232192
0.27454464,0.34955264,0.37590272
0.52220928,0.291584,0.18620672
0.51963392,0.1529856,0.32738048
0.09442048,0.38790144,0.51767808
0.50976,0.219392,0.270848
0.4851072,0.3227904,0.1921024
0.766016,0.052992,0.180992
0.82589184,0.12564992,0.04845824
0.59144192,0.22491904,0.18363904
0.53140992,0.2834688,0.18512128
0.63652096,0.33841152,0.02506752
0.86477056,0.03814656,0.09708288
0.274624,0.276992,0.448384
0.32384,0.36544,0.31072
0.6238336,0.35137536,0.02479104
0.328128,0.125632,0.54624
0.40521216,0.21994496,0.37484288
0.28740352,0.32636672,0.38622976
0.518528,0.254784,0.226688
0.65879552,0.07998208,0.2612224
0.4029568,0.25566208,0.34138112
0.29920256,0.40077312,0.30002432
0.3024,0.55008,0.14752
0.4256,0.089216,0.485184
0.9232,0.0768,0.0
0.4702208,0.255872,0.2739072
0.248704,0.524096,0.2272
0.23292672,0.46635264,0.30072064
0.42432,0.44448,0.1312
0.3008,0.4256,0.2736
0.150912,0.279552,0.569536
0.44625664,0.17504768,0.37869568
0.38093824,0.41367552,0.20538624
0.120704,0.152384,0.726912
0.3062656,0.5016832,0.1920512
0.34575616,0.46349312,0.19075072
0.46784,0.161216,0.370944
0.3183616,0.4004096,0.2812288
0.294656,0.29504,0.410304
0.228928,0.40192,0.369152
0.43339776,0.30264064,0.2639616
0.41184256,0.35519488,0.23296256
0.72096,0.14464,0.1344
0.464448,0.228736,0.306816
0.856256,0.059392,0.084352
0.502592,0.462336,0.035072
0.352,0.2208,0.4272
0.45990912,0.1686272,0.37146368
0.60110336,0.17650688,0.22238976
0.1807232,0.6153216,0.2039552
0.452416,0.243072,0.304512
0.29152,0.21984,0.48864
0.2288,0.55104,0.22016
0.3285504,0.2831488,0.3883008
0.64914176,0.20819712,0.14266112
0.35008,0.545664,0.104256
0.7321856,0.1407744,0.12704
0.346304,0.307456,0.34624
0.27799296,0.57507328,0.14693376
0.48707584,0.35524608,0.15767808
0.52251136,0.14032128,0.33716736
0.5283456,0.3478272,0.1238272
0.641792,0.238208,0.12
0.447744,0.349696,0.20256
0.51808,0.24192,0.24
0.41040896,0.30505216,0.28453888
0.66034432,0.1639424,0.17571328
0.56512,0.231936,0.202944
0.59469056,0.27292672,0.13238272
0.43872,0.095232,0.466048
0.197952,0.645376,0.156672
0.20374272,0.14427392,0.65198336
0.59072,0.34848,0.0608
0.88,0.0432,0.0768
0.46976256,0.21238528,0.31785216
0.27456,0.444352,0.281088
0.3586688,0.1799168,0.4614144
0.4318592,0.4126464,0.1554944
0.314048,0.40297984,0.28297216
0.4,0.24,0.36
0.381632,0.3601152,0.2582528
0.7312,0.0528,0.216
0.5494528,0.1271936,0.3233536
0.53538048,0.24818176,0.21643776
0.444608,0.278912,0.27648
0.502016,0.209984,0.288
0.7253248,0.1746816,0.0999936
0.7289216,0.1485312,0.1225472
0.498432,0.17888,0.322688
0.312128,0.346496,0.341376
0.6914176,0.2483712,0.0602112
0.565376,0.128128,0.306496
0.530496,0.16201728,0.30748672
0.2352256,0.4972544,0.26752
0.31296,0.21024,0.4768
0.2176,0.259584,0.522816
0.21088,0.5248,0.26432
0.466688,0.175104,0.358208
0.43627008,0.20054016,0.36318976
0.72416,0.199872,0.075968
0.732928,0.133824,0.133248
0.672704,0.104576,0.22272
0.187904,0.171648,0.640448
0.39902208,0.30698496,0.29399296
0.487232,0.249856,0.262912
0.38288896,0.34361344,0.2734976
0.57184,0.206976,0.221184
0.899584,0.03264,0.067776
0.66612736,0.1164288,0.21744384
0.5167104,0.1522816,0.331008
0.7024,0.0288,0.2688
0.682944,0.0288,0.288256
0.862592,0.053504,0.083904
0.717312,0.193536,0.089152
0.569792,0.19776,0.232448
0.6496,0.1152,0.2352
0.414208,0.252032,0.33376
0.870208,0.066112,0.06368
0.22528,0.682944,0.091776
0.36136192,0.384256,0.25438208
0.310016,0.364864,0.32512
0.51662592,0.27067904,0.21269504
0.447744,0.145856,0.4064
0.84,0.1088,0.0512
0.6165888,0.1137152,0.269696
0.13698816,0.01608192,0.84692992
0.51808,0.4608,0.02112
0.656448,0.246016,0.097536
0.41673216,0.37611264,0.2071552
0.37318912,0.37734912,0.24946176
0.2656,0.324288,0.410112
0.669248,0.150528,0.180224
0.3858944,0.1474304,0.4666752
0.2951552,0.4348928,0.269952
0.29024,0.272,0.43776
0.75936,0.16832,0.07232
0.5002624,0.2064256,0.293312
0.236288,0.231808,0.531904
0.709952,0.091136,0.198912
0.565312,0.224384,0.210304
0.23323392,0.07950848,0.6872576
0.376704,0.33024,0.293056
0.444288,0.367936,0.187776
0.642304,0.135168,0.222528
0.296896,0.367872,0.335232
0.48237568,0.38761216,0.13001216
0.6688,0.3312,0.0
0.383232,0.284672,0.332096
0.230016,0.512192,0.257792
0.8662144,0.0764928,0.0572928
0.184,0.746688,0.069312
0.6402432,0.2960384,0.0637184
0.75457792,0.11976704,0.12565504
0.29807104,0.33600256,0.3659264
0.450112,0.121344,0.428544
0.445568,0.456,0.098432
0.292992,0.16736,0.539648
0.36,0.0,0.64
0.299776,0.328768,0.371456
0.664192,0.113856,0.221952
0.82804224,0.0119936,0.15996416
0.4551552,0.2413568,0.303488
0.54528,0.425216,0.029504
0.780096,0.176704,0.0432
0.42134784,0.33663488,0.24201728
0.65472,0.14464,0.20064
0.47712,0.36416,0.15872
0.61776384,0.2442112,0.13802496
0.6599296,0.0567552,0.2833152
0.723456,0.0224,0.254144
0.5137792,0.3291904,0.1570304
0.494144,0.144768,0.361088
0.449216,0.441984,0.1088
0.800128,0.106496,0.093376
0.432,0.4688,0.0992
0.23936,0.3623424,0.3982976
0.411904,0.278592,0.309504
0.513728,0.261504,0.224768
0.41588224,0.27442688,0.30969088
0.354048,0.423744,0.222208
0.886656,0.056192,0.057152
0.44896,0.196672,0.354368
0.62368,0.22176,0.15456
0.714112,0.189312,0.096576
0.640192,0.344064,0.015744
0.584768,0.20608,0.209152
0.274688,0.378944,0.346368
0.430784,0.287872,0.281344
0.3632,0.2176,0.4192
0.67478784,0.15633408,0.16887808
0.16771584,0.17750784,0.65477632
0.38665472,0.25604096,0.35730432
0.45089024,0.04786688,0.50124288
0.68777216,0.15214592,0.16008192
0.24992512,0.46726144,0.28281344
0.44239616,0.30958592,0.24801792
0.50618624,0.15212544,0.34168832
0.5034496,0.2689152,0.2276352
0.68,0.3072,0.0128
0.53108992,0.02171904,0.44719104
0.544448,0.306944,0.148608
0.51872,0.322432,0.158848
0.275904,0.315712,0.408384
0.523072,0.237824,0.239104
0.3583872,0.2192256,0.4223872
0.71516416,0.09550592,0.18932992
0.2370432,0.28097024,0.48198656
0.69149952,0.15457536,0.15392512
0.41865216,0.48477184,0.096576
0.08352,0.21312,0.70336
0.807936,0.156608,0.035456
0.426368,0.337856,0.235776
0.0619776,0.2989056,0.6391168
0.29324032,0.52304896,0.18371072
0.380032,0.373376,0.246592
0.186304,0.662976,0.15072
0.326912,0.259584,0.413504
0.33433856,0.42061568,0.24504576
0.445504,0.28416,0.270336
0.50406912,0.24943104,0.24649984
0.43204608,0.23542784,0.33252608
0.437696,0.33856,0.223744
0.73952,0.047104,0.213376
0.477824,0.156608,0.365568
0.5536,0.1904,0.256
0.424,0.29888,0.27712
0.606016,0.1536,0.240384
0.423488,0.4085504,0.1679616
0.49696,0.24,0.26304
0.34650624,0.44364288,0.20985088
0.473088,0.309952,0.21696
0.55701504,0.26766848,0.17531648
0.429056,0.28928,0.281664
0.631232,0.30208,0.066688
0.6032,0.365056,0.031744
0.5056,0.3072,0.1872
0.50784,0.44736,0.0448
0.38190336,0.22556416,0.39253248
0.24957184,0.63685632,0.11357184
0.820544,0.137216,0.04224
0.605056,0.151232,0.243712
0.19936,0.124672,0.675968
0.57293568,0.22796288,0.19910144
0.607168,0.268928,0.123904
0.165568,0.585216,0.249216
0.50410496,0.23136768,0.26452736
0.284736,0.234752,0.480512
0.361088,0.266944,0.371968
0.4695168,0.27573248,0.25475072
0.9904,0.0096,0.0
0.54816,0.3008,0.15104
0.174016,0.526848,0.299136
0.653568,0.185856,0.160576
0.40451328,0.2929664,0.30252032
0.38912,0.19968,0.4112
0.1632,0.3888,0.448
0.212352,0.262208,0.52544
0.4548224,0.36667904,0.17849856
0.661504,0.004352,0.334144
0.51196416,0.22740992,0.26062592
0.744192,0.0,0.255808
0.406656,0.414144,0.1792
0.39000832,0.18768384,0.42230784
0.392768,0.22432,0.382912
0.2998528,0.4374784,0.2626688
0.457216,0.3216,0.221184
0.33453568,0.05758464,0.60787968
0.39759872,0.22121472,0.38118656
0.252416,0.248064,0.49952
0.534464,0.224256,0.24128
0.385664,0.24288,0.371456
0.53731584,0.34981888,0.11286528
0.56576,0.14848,0.28576
0.85158144,0.05164544,0.09677312
0.368704,0.293888,0.337408
0.6331264,0.2876928,0.0791808
0.28073216,0.3957248,0.32354304
0.481216,0.220224,0.29856
0.850752,0.131328,0.01792
0.601472,0.286208,0.11232
0.87358464,0.07424768,0.05216768
0.293696,0.2464,0.459904
0.35394304,0.21502464,0.43103232
0.31627008,0.46797312,0.2157568
0.33056256,0.28174592,0.38769152
0.343744,0.1436288,0.5126272
0.792192,0.116608,0.0912
0.514816,0.244992,0.240192
0.3561216,0.24991744,0.39396096
0.32512,0.228416,0.446464
0.366784,0.17856,0.454656
0.24394496,0.39019008,0.36586496
0.853568,0.069888,0.076544
0.312192,0.594112,0.093696
0.623744,0.258816,0.11744
0.869504,0.09632,0.034176
0.30963968,0.48766464,0.20269568
0.48425728,0.17153536,0.34420736
0.31378944,0.22864128,0.45756928
0.69152,0.163392,0.145088
0.5534592,0.2016,0.2449408
0.63712256,0.13826048,0.22461696
0.50368,0.27168,0.22464
0.39560192,0.28039168,0.3240064
0.452288,0.40896,0.138752
0.27667968,0.21033216,0.51298816
0.275904,0.31392,0.410176
0.44711936,0.27025152,0.28262912
0.450816,0.54304,0.006144
0.4554752,0.4441472,0.1003776
0.28064,0.21664,0.50272
0.3140736,0.1701248,0.5158016
0.263168,0.237568,0.499264
0.43136768,0.32093696,0.24769536
0.506816,0.27232,0.220864
0.430848,0.26272,0.306432
0.273728,0.0630272,0.6632448
0.26732544,0.60882432,0.12385024
0.48576,0.19104,0.3232
0.768,0.19936,0.03264
0.965824,0.012288,0.021888
0.509696,0.213184,0.27712
0.85248,0.058816,0.088704
0.2217216,0.150272,0.6280064
0.424832,0.334592,0.240576
0.83194112,0.11257344,0.05548544
0.50134528,0.25497856,0.24367616
0.086016,0.099328,0.814656
0.28197632,0.24343808,0.4745856
0.837568,0.082432,0.08
0.727488,0.048576,0.223936
0.52,0.48,0.0
0.37671936,0.21993728,0.40334336
0.313856,0.574784,0.11136
0.21371136,0.33138432,0.45490432
0.7369984,0.2288128,0.0341888
0.27638272,0.41420544,0.30941184
0.279104,0.482816,0.23808
0.6592,0.2352,0.1056
0.57670912,0.16843264,0.25485824
0.242432,0.504192,0.253376
0.590976,0.296832,0.112192
0.68448,0.30272,0.0128
0.424,0.446784,0.129216
0.844096,0.1472,0.008704
0.22432,0.693312,0.082368
0.32333568,0.23047168,0.44619264
0.40832,0.24768,0.344
0.39242752,0.23119104,0.37638144
0.49952,0.27552,0.22496
0.268224,0.078336,0.65344
0.883968,0.07488,0.041152
0.27830272,0.20739072,0.51430656
0.36,0.53248,0.10752
0.5517952,0.26272,0.1854848
0.4037504,0.3101824,0.2860672
0.39094272,0.23023872,0.37881856
0.45735424,0.36485888,0.17778688
0.4072576,0.2015232,0.3912192
0.571264,0.30912,0.119616
0.32561408,0.01732096,0.65706496
0.7577472,0.0907136,0.1515392
0.760384,0.0576,0.182016
0.2438016,0.6125696,0.1436288
0.68,0.256,0.064
0.641984,0.309056,0.04896
0.7504,0.0576,0.192
0.71529472,0.13220864,0.15249664
0.189312,0.739136,0.071552
0.52450048,0.12120576,0.35429376
0.40691968,0.16519936,0.42788096
0.164608,0.462912,0.37248
0.629248,0.036672,0.33408
0.49232896,0.28803072,0.21964032
0.394048,0.51968,0.086272
0.840512,0.073984,0.085504
0.304832,0.55595264,0.13921536
0.43051776,0.262848,0.30663424
0.5067264,0.2082688,0.2850048
0.44381184,0.41477632,0.14141184
0.408,0.324352,0.267648
0.31104,0.456,0.23296
0.345984,0.391488,0.262528
0.39545856,0.26427136,0.34027008
0.3672192,0.3836416,0.2491392
0.49632,0.467584,0.036096
0.609088,0.266176,0.124736
0.279616,0.172032,0.548352
0.46176,0.26368,0.27456
0.17426688,0.37650944,0.44922368
0.368832,0.375936,0.255232
0.4234752,0.3187584,0.2577664
0.365952,0.532864,0.101184
0.393984,0.258624,0.347392
0.9648,0.0,0.0352
0.590592,0.086528,0.32288
0.334208,0.07136,0.594432
0.441344,0.253824,0.304832
0.486912,0.285696,0.227392
0.521472,0.39488,0.083648
0.49984,0.18816,0.312
0.757824,0.0384,0.203776
0.44002816,0.32035072,0.23962112
0.70722048,0.13853696,0.15424256
0.31904256,0.38873088,0.29222656
0.4421888,0.2059008,0.3519104
0.891392,0.016192,0.092416
0.4271232,0.3928704,0.1800064
0.45848576,0.28915712,0.25235712
0.910912,0.0096,0.079488
0.19807488,0.29590016,0.50602496
0.23616,0.577984,0.185856
0.92,0.0256,0.0544
0.2624,0.08672,0.65088
0.74564864,0.13088768,0.12346368
0.59923456,0.25256448,0.14820096
0.758656,0.120384,0.12096
0.2624,0.17504,0.56256
0.606016,0.155904,0.23808
0.2705152,0.4230528,0.306432
0.266624,0.440512,0.292864
0.644224,0.055552,0.300224
0.5827584,0.2609024,0.1563392
0.63904,0.133504,0.227456
0.4412032,0.225216,0.3335808
0.71968,0.066816,0.213504
0.84,0.0,0.16
0.76,0.1248,0.1152
0.46515712,0.25439744,0.28044544
0.48313088,0.273728,0.24314112
0.43857408,0.30621696,0.25520896
0.4788992,0.2804096,0.2406912
0.41820672,0.30852864,0.27326464
0.29974016,0.19847424,0.5017856
0.46524672,0.23678464,0.29796864
0.35246592,0.35561984,0.29191424
0.5006464,0.272512,0.2268416
0.478016,0.316416,0.205568
0.34307584,0.12457984,0.53234432
0.44351232,0.252352,0.30413568
0.2260864,0.3824128,0.3915008
0.285376,0.44736,0.267264
0.301056,0.157056,0.541888
0.24608,0.37312,0.3808
0.39838976,0.41344512,0.18816512
0.19168,0.30528,0.50304
0.31267072,0.26114304,0.42618624
0.50119168,0.31938816,0.17942016
0.3460352,0.2653824,0.3885824
0.657152,0.250496,0.092352
0.669504,0.108096,0.2224
0.24064,0.140928,0.618432
0.40893952,0.18996224,0.40109824
0.343488,0.397568,0.258944
0.5344,0.30912,0.15648
0.15251968,0.29981952,0.5476608
0.659136,0.2900736,0.0507904
0.15926272,0.46933504,0.37140224
0.4394368,0.27824384,0.28231936
0.48948224,0.20938496,0.3011328
0.90144,0.07296,0.0256
0.269632,0.365952,0.364416
0.62900992,0.1705728,0.20041728
0.92192,0.06144,0.01664
0.633664,0.158656,0.20768
0.384576,0.458752,0.156672
0.53024,0.169344,0.300416
0.361408,0.310784,0.327808
0.19757056,0.40050688,0.40192256
0.952512,0.039744,0.007744
0.337472,0.53248,0.130048
0.62464,0.30464,0.07072
0.2585088,0.2826368,0.4588544
0.340544,0.083328,0.576128
0.31869952,0.26611456,0.41518592
0.256256,0.39872,0.345024
0.54624,0.3808,0.07296
0.8520064,0.1082368,0.0397568
0.145344,0.0704,0.784256
0.4654208,0.1534976,0.3810816
0.576576,0.215104,0.20832
0.4690944,0.2309248,0.2999808
0.44942336,0.29513728,0.25543936
0.542144,0.203456,0.2544
0.232,0.432,0.336
0.42668288,0.20248832,0.3708288
0.084096,0.29984,0.616064
0.6976,0.1872,0.1152
0.4338432,0.4027264,0.1634304
0.37142016,0.43484928,0.19373056
0.75597056,0.08665088,0.15737856
0.371008,0.288704,0.340288
0.41189888,0.33026816,0.25783296
0.569792,0.24224,0.187968
0.33419776,0.29634048,0.36946176
0.561088,0.31008,0.128832
0.6551808,0.1486336,0.1961856
0.647232,0.134272,0.218496
0.287104,0.22688,0.486016
0.54432,0.449536,0.006144
0.300096,0.10496,0.594944
0.534208,0.175872,0.28992
0.559872,0.2926592,0.1474688
0.5396608,0.2301184,0.2302208
0.151488,0.589568,0.258944
0.3552,0.1584,0.4864
0.094016,0.841152,0.064832
0.70269952,0.12791296,0.16938752
0.67035904,0.19126784,0.13837312
0.58657024,0.18213888,0.23129088
0.474688,0.271104,0.254208
0.5602688,0.3455104,0.0942208
0.8496,0.0352,0.1152
0.330432,0.119168,0.5504
0.60978944,0.17663744,0.21357312
0.456,0.346048,0.197952
0.4776448,0.2128896,0.3094656
0.460736,0.206464,0.3328
0.442688,0.360576,0.196736
0.291136,0.544128,0.164736
0.392,0.608,0.0
0.24722688,0.15023104,0.60254208
0.196672,0.210048,0.59328
0.198016,0.425728,0.376256
0.29773568,0.24903424,0.45323008
0.6973312,0.0845056,0.2181632
0.286912,0.2095616,0.5035264
0.701952,0.235584,0.062464
0.33710336,0.15935232,0.50354432
0.91648,0.072,0.01152
0.72352,0.11136,0.16512
0.55417856,0.22040832,0.22541312
0.319168,0.542464,0.138368
0.32932608,0.43416576,0.23650816
0.27567104,0.60274688,0.12158208
0.4324864,0.2718592,0.2956544
0.3984,0.38784,0.21376
0.502784,0.401216,0.096
0.51651328,0.27699456,0.20649216
0.26011904,0.36452864,0.37535232
0.43958016,0.22309376,0.33732608
0.8192,0.104,0.0768
0.344384,0.314752,0.340864
0.315264,0.174912,0.509824
0.6984832,0.06699008,0.23452672
0.694272,0.275264,0.030464
0.349888,0.355072,0.29504
0.32,0.4432,0.2368
0.18742784,0.66909184,0.14348032
0.416512,0.26176,0.321728
0.47584,0.1824,0.34176
0.5184,0.1968,0.2848
0.4544,0.360448,0.185152
0.30888704,0.59694592,0.09416704
0.4835072,0.3192704,0.1972224
0.464704,0.283776,0.25152
0.408,0.4672,0.1248
0.108032,0.717696,0.174272
0.5024,0.256,0.2416
0.814528,0.164736,0.020736
0.4032,0.356928,0.239872
0.798016,0.17664,0.025344
0.0576,0.014592,0.927808
0.25083904,0.51763712,0.23152384
0.9184,0.0016,0.08
0.439168,0.404352,0.15648
0.300288,0.649792,0.04992
0.329024,0.471424,0.199552
0.21847808,0.60499456,0.17652736
0.75072,0.24288,0.0064
0.33184,0.42688,0.24128
0.7504,0.0768,0.1728
0.346368,0.274432,0.3792
0.743552,0.08256,0.173888
0.54878208,0.29060096,0.16061696
0.627264,0.075328,0.297408
0.4554496,0.3456,0.1989504
0.08064,0.218432,0.700928
0.521536,0.297984,0.18048
0.504,0.256704,0.239296
0.4816,0.27648,0.24192
0.85472,0.11264,0.03264
0.49958656,0.23478272,0.26563072
0.57071872,0.18545664,0.24382464
0.381312,0.261184,0.357504
0.5533696,0.2062592,0.2403712
0.805376,0.117568,0.077056
0.3110912,0.3666304,0.3222784
0.695104,0.13344,0.171456
0.802176,0.145664,0.05216
0.6638976,0.1824,0.1537024
0.207168,0.646912,0.14592
0.7392,0.0304,0.2304
0.6962176,0.1103232,0.1934592
0.83616,0.096,0.06784
0.65929472,0.11608064,0.22462464
0.61024,0.23904,0.15072
0.39485184,0.30636032,0.29878784
0.542336,0.163264,0.2944
0.54816,0.427968,0.023872
0.21871872,0.50629376,0.27498752
0.67232,0.042432,0.285248
0.88,0.048,0.072
0.2963328,0.4461056,0.2575616
0.61792,0.255168,0.126912
0.541696,0.155328,0.302976
0.7190912,0.1398784,0.1410304
0.3598464,0.2123008,0.4278528
0.20953088,0.59329024,0.19717888
0.29121792,0.21811712,0.49066496
0.2455552,0.5199616,0.2344832
0.450496,0.326016,0.223488
0.30032896,0.11908352,0.58058752
0.27232512,0.32448768,0.4031872
0.313216,0.264384,0.4224
0.496768,0.2144,0.288832
0.421696,0.345728,0.232576
0.44,0.387648,0.172352
0.437824,0.1344,0.427776
0.38194944,0.2961024,0.32194816
0.29819136,0.34781184,0.3539968
0.567296,0.309696,0.123008
0.28938496,0.66980352,0.04081152
0.6231296,0.1812736,0.1955968
0.416,0.584,0.0
0.58199296,0.29042688,0.12758016
0.379264,0.076608,0.544128
0.81056,0.05568,0.13376
0.527936,0.327552,0.144512
0.277504,0.0192,0.703296
0.28158464,0.31362304,0.40479232
0.49202432,0.29469696,0.21327872
0.40933888,0.36645888,0.22420224
0.7024,0.0288,0.2688
0.48097536,0.13380608,0.38521856
0.315072,0.657408,0.02752
0.41443584,0.26678784,0.31877632
0.675584,0.18336,0.141056
0.339456,0.277504,0.38304
0.40648704,0.18364928,0.40986368
0.35687168,0.30092288,0.34220544
0.397376,0.284032,0.318592
0.800704,0.153984,0.045312
0.67058432,0.20095488,0.1284608
0.816,0.071552,0.112448
0.27456,0.1136,0.61184
0.422208,0.458496,0.119296
0.76096,0.09536,0.14368
0.405824,0.212096,0.38208
0.2181504,0.4595712,0.3222784
0.397952,0.56032,0.041728
0.48576,0.236736,0.277504
0.483776,0.081472,0.434752
0.150784,0.632064,0.217152
0.500928,0.30272,0.196352
0.2816,0.304,0.4144
0.734784,0.123136,0.14208
0.267328,0.470272,0.2624
0.38048,0.270848,0.348672
0.352256,0.149184,0.49856
0.31403264,0.35909632,0.32687104
0.242752,0.32096,0.436288
0.4088576,0.3661952,0.2249472
0.136896,0.768128,0.094976
0.37203968,0.33191936,0.29604096
0.41944064,0.33468672,0.24587264
0.4316928,0.2996864,0.2686208
0.5468672,0.21386752,0.23926528
0.61376,0.01248,0.37376
0.70016,0.1072,0.19264
0.522112,0.28992,0.187968
0.37627392,0.29066752,0.33305856
0.69673728,0.1525632,0.15069952
0.50496,0.22784,0.2672
0.420032,0.5152,0.064768
0.785792,0.086528,0.12768
0.29795072,0.23248384,0.46956544
0.894656,0.091904,0.01344
0.89696,0.06848,0.03456
0.4217088,0.0278016,0.5504896
0.511104,0.326528,0.162368
0.33184,0.17024,0.49792
0.687168,0.293376,0.019456
0.30144,0.34656,0.352
0.62319104,0.34344192,0.03336704
0.954816,0.008192,0.036992
0.540416,0.27456,0.185024
0.379968,0.434048,0.185984
0.6496,0.1152,0.2352
0.424576,0.339968,0.235456
0.608704,0.18144,0.209856
0.345472,0.270144,0.384384
0.50984704,0.17538048,0.31477248
0.43929088,0.32269056,0.23801856
0.73645568,0.10420224,0.15934208
0.68128,0.25536,0.06336
0.56265984,0.22571008,0.21163008
0.585984,0.24928,0.164736
0.274432,0.382528,0.34304
0.886016,0.072,0.041984
0.632448,0.313792,0.05376
0.35488,0.233856,0.411264
0.553024,0.308992,0.137984
0.54112,0.25152,0.20736
0.201088,0.421312,0.3776
0.484032,0.211328,0.30464
0.24512,0.25952,0.49536
0.75328,0.218944,0.027776
0.088512,0.889088,0.0224
0.9888,0.0112,0.0
0.8785536,0.0631552,0.0582912
0.30556672,0.24766976,0.44676352
0.488,0.2896,0.2224
0.341568,0.392832,0.2656
0.300288,0.398656,0.301056
0.49076992,0.22764544,0.28158464
0.455552,0.1826944,0.3617536
0.686272,0.159936,0.153792
0.75100672,0.20043264,0.04856064
0.935424,0.0016,0.062976
0.301056,0.417088,0.281856
0.4935424,0.2573568,0.2491008
0.588288,0.018496,0.393216
0.70719232,0.14307584,0.14973184
0.4425088,0.3432448,0.2142464
0.389184,0.23872,0.372096
0.58985472,0.25391104,0.15623424
0.3243136,0.246464,0.4292224
0.5375616,0.1260032,0.3364352
0.59134976,0.33235712,0.07629312
0.544,0.1776,0.2784
0.716352,0.176512,0.107136
0.4795136,0.2972672,0.2232192
0.69728,0.18112,0.1216
0.6578816,0.2244352,0.1176832
0.292608,0.124544,0.582848
0.230144,0.025344,0.744512
0.501696,0.266112,0.232192
0.220416,0.442944,0.33664
0.37907712,0.20507904,0.41584384
0.5472,0.128128,0.324672
0.904,0.0,0.096
0.61927168,0.19746816,0.18326016
0.0,0.28,0.72
0.45152,0.302976,0.245504
0.44992,0.332352,0.217728
0.23130368,0.30208256,0.46661376
0.51808,0.112,0.36992
0.424832,0.174464,0.400704
0.3616,0.198336,0.440064
0.5897984,0.3329408,0.0772608
0.84612864,0.0335104,0.12036096
0.33897728,0.27871744,0.38230528
0.29206016,0.45641472,0.25152512
0.4355072,0.3683584,0.1961344
0.56352,0.27648,0.16
0.21473536,0.29489408,0.49037056
0.34856704,0.28446976,0.3669632
0.5520512,0.0218624,0.4260864
0.578752,0.273088,0.14816
0.34324992,0.44201216,0.21473792
0.366464,0.35104,0.282496
0.551808,0.311744,0.136448
0.25238016,0.51184384,0.235776
0.36382208,0.24560896,0.39056896
0.46591488,0.23031296,0.30377216
0.179712,0.092992,0.727296
0.36288,0.47648,0.16064
0.430976,0.298944,0.27008
0.44266752,0.2860672,0.27126528
0.26624,0.34336,0.3904
0.363264,0.393984,0.242752
0.45504,0.112,0.43296
0.6742272,0.1730048,0.152768
0.4159232,0.1424384,0.4416384
0.489408,0.265344,0.245248
0.507328,0.317952,0.17472
0.2688,0.696,0.0352
0.539712,0.220928,0.23936
0.83012352,0.00756224,0.16231424
0.48576,0.258176,0.256064
0.5185408,0.1744896,0.3069696
0.62415104,0.11317248,0.26267648
0.7152,0.208,0.0768
0.521664,0.355456,0.12288
0.566016,0.374272,0.059712
0.40249344,0.17377024,0.42373632
0.210944,0.273472,0.515584
0.885568,0.051072,0.06336
0.518784,0.149248,0.331968
0.39264,0.3136,0.29376
0.432896,0.224128,0.342976
0.41151232,0.28172032,0.30676736
0.604736,0.24832,0.146944
0.83616,0.128512,0.035328
0.47396864,0.28965632,0.23637504
0.4368,0.1008,0.4624
0.46955776,0.19930112,0.33114112
0.65160192,0.23078912,0.11760896
0.424,0.243712,0.332288
0.7606272,0.0628992,0.1764736
0.52767232,0.18173184,0.29059584
0.296128,0.674816,0.029056
0.348992,0.305024,0.345984
0.464,0.408,0.128
0.1823616,0.6851328,0.1325056
0.616,0.2688,0.1152
0.31833088,0.27897856,0.40269056
0.53962496,0.38321152,0.07716352
0.18905856,0.40205824,0.4088832
0.44992,0.486144,0.063936
0.3405952,0.3381248,0.32128
0.40452096,0.22135552,0.37412352
0.29591296,0.4747776,0.22930944
0.886464,0.095232,0.018304
0.71616,0.10208,0.18176
0.4914432,0.0950784,0.4134784
0.60457216,0.17044992,0.22497792
0.648576,0.22848,0.122944
0.88864,0.012032,0.099328
0.81360384,0.1484416,0.03795456
0.4287232,0.2633984,0.3078784
0.331776,0.335424,0.3328
0.346048,0.26944,0.384512
0.693888,0.158656,0.147456
0.31793408,0.32119296,0.36087296
0.45322496,0.29225472,0.25452032
0.65875456,0.07587072,0.26537472
0.571072,0.144384,0.284544
0.54379264,0.16945664,0.28675072
0.32550144,0.21017856,0.46432
0.19922176,0.65305856,0.14771968
0.2896,0.3157248,0.3946752
0.532992,0.214208,0.2528
0.488,0.3392,0.1728
0.4506624,0.1591808,0.3901568
0.348416,0.556992,0.094592
0.317056,0.291264,0.39168
0.44466688,0.31142656,0.24390656
0.13824,0.6352,0.22656
0.365184,0.456256,0.17856
0.17376,0.25472,0.57152
0.667776,0.181632,0.150592
0.567872,0.22656,0.205568
0.5854592,0.23077888,0.18376192
0.6616448,0.1450496,0.1933056
0.5828864,0.15012608,0.26698752
0.62173952,0.12890624,0.24935424
0.839616,0.133504,0.02688
0.5678464,0.2336512,0.1985024
0.60028672,0.15049472,0.24921856
0.360192,0.09984,0.539968
0.585472,0.19488,0.219648
0.0181888,0.2564864,0.7253248
