T1,T2,T3,position
"(0,(3,(1,2)));","(0,(1,(2,3)));","(0,(2,(1,3)));",
0.354,0.321,0.325,0.000
0.354,0.321,0.325,3394.000
0.347,0.333,0.32,7947.000
0.359,0.321,0.32,23184.000
0.359,0.321,0.32,26539.000
0.359,0.321,0.32,30886.000
0.359,0.321,0.32,54920.000
0.359,0.321,0.32,56074.000
0.359,0.321,0.32,56172.000
0.373,0.307,0.32,63998.000
0.373,0.307,0.32,65561.000
0.358,0.315,0.327,73469.000
0.358,0.315,0.327,74233.000
0.358,0.315,0.327,80199.000
0.346,0.315,0.339,83255.000
0.346,0.315,0.339,84291.000
0.333,0.334,0.333,85086.000
0.334,0.333,0.333,86514.000
0.342,0.334,0.324,94011.000
0.342,0.334,0.324,103276.000
0.327,0.342,0.331,119205.000
0.342,0.334,0.324,120303.000
0.324,0.345,0.331,121268.000
0.335,0.316,0.349,122089.000
0.335,0.316,0.349,125041.000
0.3445,0.325,0.3305,144007.000
0.3445,0.325,0.3305,145743.000
0.3445,0.325,0.3305,146928.000
0.3445,0.325,0.3305,148611.000
0.3445,0.325,0.3305,148641.000
0.3445,0.325,0.3305,157927.000
0.3395,0.326,0.3345,166607.000
0.3395,0.326,0.3345,174701.000
0.3425,0.3075,0.35,175986.000
0.3425,0.3075,0.35,191470.000
0.3565,0.312,0.3315,191794.000
0.353,0.319,0.328,199802.000
0.3455,0.319,0.3355,213614.000
0.3465,0.318,0.3355,222491.000
0.3475,0.321,0.3315,226931.000
0.3475,0.321,0.3315,231662.000
0.3365,0.327,0.3365,239195.000
0.3365,0.327,0.3365,244222.000
0.3355,0.328,0.3365,245884.000
0.3035,0.318,0.3785,248409.000
0.2548,0.3368,0.4084,258221.000
0.234,0.3706,0.3954,263626.000
0.2876,0.3432,0.3692,267351.000
0.2876,0.3432,0.3692,277524.000
0.3127,0.3674,0.3199,278532.000
0.3107,0.3694,0.3199,291825.000
0.3107,0.3694,0.3199,298802.000
0.341,0.326,0.333,298883.000
0.343,0.324,0.333,301088.000
0.302,0.3095,0.3885,339176.000
0.341,0.316,0.343,350335.000
0.3668,0.2936,0.3396,355185.000
0.3688,0.2916,0.3396,367821.000
0.3624,0.3088,0.3288,370142.000
0.3408,0.3292,0.33,379661.000
0.3348,0.3292,0.336,387883.000
0.3684,0.3428,0.2888,393311.000
0.3684,0.3428,0.2888,403252.000
0.3558,0.3096,0.3346,408011.000
0.3558,0.3096,0.3346,412277.000
0.3558,0.3096,0.3346,428490.000
0.3344,0.3018,0.3638,436509.000
0.3344,0.3018,0.3638,436905.000
0.3344,0.3018,0.3638,446438.000
0.3294,0.3048,0.3658,453668.000
0.3294,0.3048,0.3658,462779.000
0.3294,0.3048,0.3658,470503.000
0.3354,0.2998,0.3648,475113.000
0.3354,0.2998,0.3648,480355.000
0.3354,0.2998,0.3648,481233.000
0.3354,0.2998,0.3648,481336.000
0.3256,0.303,0.3714,483065.000
0.3254,0.3102,0.3644,485724.000
0.3182,0.3066,0.3752,490421.000
0.3178,0.3096,0.3726,504092.000
0.3196,0.2986,0.3818,505197.000
0.3196,0.2986,0.3818,509089.000
0.3694,0.2698,0.3608,511752.000
0.3738,0.2666,0.3596,517989.000
0.3748,0.2666,0.3586,520461.000
0.4204,0.3058,0.2738,532400.000
0.4172,0.3074,0.2754,536776.000
0.4204,0.3058,0.2738,545858.000
0.3762,0.3194,0.3044,569111.000
0.3762,0.3194,0.3044,570771.000
0.3732,0.3204,0.3064,583484.000
0.3732,0.3204,0.3064,584689.000
0.3732,0.3204,0.3064,585636.000
0.3762,0.3194,0.3044,593357.000
0.33,0.334,0.336,596595.000
0.33,0.334,0.336,624925.000
0.33,0.334,0.336,637731.000
0.33,0.334,0.336,644508.000
0.355,0.35,0.295,678532.000
0.355,0.35,0.295,680948.000
0.359,0.352,0.289,685267.000
0.404,0.346,0.25,689019.000
0.41,0.337,0.253,699155.000
0.41,0.337,0.253,703794.000
0.41,0.337,0.253,713375.000
0.41,0.337,0.253,724917.000
0.358,0.36,0.282,725349.000
0.358,0.36,0.282,733820.000
0.358,0.36,0.282,734060.000
0.358,0.36,0.282,734373.000
0.364,0.357,0.279,764167.000
0.364,0.357,0.279,769853.000
0.364,0.357,0.279,771151.000
0.364,0.357,0.279,773090.000
0.364,0.357,0.279,773644.000
0.3996,0.3342,0.2662,773893.000
0.3996,0.3342,0.2662,778400.000
0.3572,0.3534,0.2894,781305.000
0.3572,0.3534,0.2894,795294.000
0.3572,0.3534,0.2894,804746.000
0.3572,0.3534,0.2894,836890.000
0.3572,0.3534,0.2894,844376.000
0.3572,0.3534,0.2894,851763.000
0.3572,0.3534,0.2894,863152.000
0.3572,0.3534,0.2894,867789.000
0.3664,0.333,0.3006,871885.000
0.3572,0.3478,0.295,880292.000
0.3572,0.3478,0.295,893219.000
0.3572,0.3478,0.295,906208.000
0.3436,0.361,0.2954,910964.000
0.3364,0.3616,0.302,913210.000
0.3554,0.3596,0.285,913263.000
0.352,0.3652,0.2828,934221.000
0.342,0.3712,0.2868,941951.000
0.342,0.3712,0.2868,943434.000
0.3349,0.3802,0.2849,945101.000
0.3349,0.3802,0.2849,951233.000
0.3349,0.3802,0.2849,959191.000
0.3349,0.3802,0.2849,966924.000
0.3295,0.3805,0.29,974791.000
0.3295,0.3805,0.29,978083.000
0.3355,0.3825,0.282,991910.000
0.3355,0.3825,0.282,992187.000
0.3415,0.3735,0.285,1004810.000
0.3415,0.3735,0.285,1006315.000
0.3445,0.3645,0.291,1011619.000
0.3445,0.3645,0.291,1021661.000
0.3445,0.3645,0.291,1021880.000
0.3445,0.3645,0.291,1040833.000
0.335,0.395,0.27,1041056.000
0.335,0.401,0.264,1042990.000
0.335,0.398,0.267,1045231.000
0.335,0.398,0.267,1045603.000
0.335,0.401,0.264,1050761.000
0.335,0.405,0.26,1054152.000
0.335,0.405,0.26,1057211.000
0.335,0.405,0.26,1060074.000
0.333,0.385,0.282,1091911.000
0.329,0.388,0.283,1093818.000
0.328,0.379,0.293,1095445.000
0.328,0.379,0.293,1120097.000
0.3394,0.3772,0.2834,1126441.000
0.3192,0.3986,0.2822,1128873.000
0.3252,0.3986,0.2762,1145507.000
0.3372,0.3818,0.281,1145560.000
0.3892,0.3454,0.2654,1160451.000
0.3892,0.3454,0.2654,1163739.000
0.3964,0.3228,0.2808,1176404.000
0.4056,0.2972,0.2972,1178619.000
0.4056,0.2992,0.2952,1179005.000
0.4036,0.2992,0.2972,1196086.000
0.3996,0.3032,0.2972,1198332.000
0.3996,0.3032,0.2972,1205033.000
0.3996,0.3032,0.2972,1211576.000
0.402,0.2876,0.3104,1211853.000
0.4255,0.2631,0.3114,1219325.000
0.4255,0.2631,0.3114,1236727.000
0.4082,0.2724,0.3194,1240072.000
0.4082,0.2724,0.3194,1249639.000
0.4025,0.2682,0.3293,1249855.000
0.4025,0.2682,0.3293,1252014.000
0.4043,0.271,0.3247,1258288.000
0.4043,0.271,0.3247,1258678.000
0.4043,0.274,0.3217,1259143.000
0.4173,0.2517,0.331,1259627.000
0.4173,0.2497,0.333,1277880.000
0.4173,0.2497,0.333,1286679.000
0.3495,0.2155,0.435,1287329.000
0.3495,0.2155,0.435,1305022.000
0.3605,0.2525,0.387,1365340.000
0.3605,0.2525,0.387,1368322.000
0.3785,0.2165,0.405,1376334.000
0.3755,0.2675,0.357,1376890.000
0.3755,0.2675,0.357,1381968.000
0.3635,0.286,0.3505,1400268.000
0.3615,0.292,0.3465,1404129.000
0.363,0.303,0.334,1413128.000
0.359,0.302,0.339,1437753.000
0.359,0.302,0.339,1441312.000
0.3677,0.3136,0.3187,1448678.000
0.3677,0.3136,0.3187,1448836.000
0.3677,0.3136,0.3187,1457180.000
0.3677,0.3136,0.3187,1486437.000
0.3677,0.3136,0.3187,1514722.000
0.3677,0.3136,0.3187,1533185.000
0.3677,0.3136,0.3187,1536195.000
0.3677,0.3136,0.3187,1541289.000
0.3677,0.3136,0.3187,1555797.000
0.3677,0.3136,0.3187,1556754.000
0.3677,0.3136,0.3187,1557280.000
0.3677,0.3136,0.3187,1564983.000
0.3677,0.3136,0.3187,1573284.000
0.3927,0.2986,0.3087,1599666.000
0.3945,0.2905,0.315,1605563.000
0.3795,0.3125,0.308,1634138.000
0.4002,0.294,0.3058,1634143.000
0.4034,0.29,0.3066,1671554.000
0.4154,0.26,0.3246,1675207.000
0.4058,0.2626,0.3316,1678616.000
0.3864,0.2658,0.3478,1694367.000
0.3864,0.2658,0.3478,1697451.000
0.3988,0.265,0.3362,1715477.000
0.4486,0.2634,0.288,1731065.000
0.4496,0.2664,0.284,1736415.000
0.465,0.248,0.287,1746382.000
0.4352,0.278,0.2868,1761123.000
0.3938,0.2968,0.3094,1778748.000
0.3872,0.3084,0.3044,1795648.000
0.3872,0.3084,0.3044,1799218.000
0.4132,0.3104,0.2764,1801586.000
0.4132,0.3104,0.2764,1801823.000
0.4068,0.3061,0.2871,1822953.000
0.4268,0.2971,0.2761,1827378.000
0.4462,0.2707,0.2831,1830004.000
0.5218,0.2266,0.2516,1843485.000
0.5228,0.2276,0.2496,1851746.000
0.4476,0.2578,0.2946,1856890.000
0.4388,0.2602,0.301,1879072.000
0.4398,0.2616,0.2986,1884566.000
0.4398,0.2616,0.2986,1886776.000
0.4488,0.2495,0.3017,1897429.000
0.4478,0.2505,0.3017,1933101.000
0.4522,0.2493,0.2985,1949076.000
0.4582,0.2342,0.3076,1949817.000
0.4582,0.2342,0.3076,1952321.000
0.4532,0.2493,0.2975,1955065.000
0.4532,0.2493,0.2975,1955464.000
0.4212,0.2171,0.3617,1961750.000
0.4212,0.2171,0.3617,1964992.000
0.4197,0.2184,0.3619,1980775.000
0.4161,0.2231,0.3608,1983905.000
0.3283,0.239,0.4327,1984178.000
0.2899,0.2682,0.4419,1992358.000
0.2797,0.2748,0.4455,2006802.000
0.2817,0.2748,0.4435,2010521.000
0.2817,0.2748,0.4435,2021186.000
0.284,0.2933,0.4227,2027590.000
0.284,0.2933,0.4227,2031951.000
0.3088,0.299,0.3922,2052232.000
0.4438,0.2742,0.282,2055420.000
0.4438,0.2742,0.282,2059757.000
0.4092,0.3344,0.2564,2062668.000
0.3962,0.3152,0.2886,2100426.000
0.3616,0.3544,0.284,2100886.000
0.3616,0.3544,0.284,2108840.000
0.4186,0.3178,0.2636,2116870.000
0.393,0.311,0.296,2135316.000
0.393,0.311,0.296,2137935.000
0.3844,0.3748,0.2408,2174719.000
0.3814,0.3768,0.2418,2179494.000
0.3605,0.4195,0.22,2196314.000
0.3515,0.4377,0.2108,2204846.000
0.3371,0.4349,0.228,2230793.000
0.3416,0.4404,0.218,2233248.000
0.3869,0.3921,0.221,2249190.000
0.3949,0.3853,0.2198,2263471.000
0.3949,0.3853,0.2198,2271086.000
0.3765,0.3845,0.239,2275131.000
0.3765,0.3845,0.239,2275746.000
0.3783,0.3713,0.2504,2286317.000
0.3848,0.3378,0.2774,2287405.000
0.375,0.34,0.285,2292062.000
0.375,0.34,0.285,2297964.000
0.375,0.34,0.285,2313249.000
0.4094,0.3384,0.2522,2328562.000
0.4152,0.3375,0.2473,2342195.000
0.3846,0.314,0.3014,2346481.000
0.3954,0.279,0.3256,2366756.000
0.4062,0.224,0.3698,2371185.000
0.3518,0.318,0.3302,2371205.000
0.3268,0.2984,0.3748,2374151.000
0.3252,0.2764,0.3984,2377109.000
0.3316,0.299,0.3694,2393573.000
0.3316,0.299,0.3694,2397623.000
0.3437,0.287,0.3693,2399774.000
0.415,0.2325,0.3525,2402381.000
0.415,0.2325,0.3525,2402978.000
0.415,0.2325,0.3525,2412004.000
0.46,0.235,0.305,2413720.000
0.457,0.244,0.299,2414397.000
0.457,0.244,0.299,2416192.000
0.457,0.244,0.299,2421171.000
0.401,0.251,0.348,2427402.000
0.417,0.251,0.332,2434961.000
0.4006,0.2796,0.3198,2436277.000
0.4006,0.2796,0.3198,2440754.000
0.3918,0.3028,0.3054,2442980.000
0.3918,0.3028,0.3054,2451686.000
0.4096,0.2796,0.3108,2454617.000
0.446,0.286,0.268,2462343.000
0.446,0.286,0.268,2466735.000
0.446,0.286,0.268,2472630.000
0.454,0.278,0.268,2521094.000
0.444,0.288,0.268,2544178.000
0.444,0.294,0.262,2551644.000
0.444,0.294,0.262,2568130.000
0.43,0.33,0.24,2573581.000
0.43,0.33,0.24,2581712.000
0.44,0.322,0.238,2583316.000
0.44,0.322,0.238,2585101.000
0.4746,0.2872,0.2382,2587368.000
0.4814,0.2532,0.2654,2590717.000
0.479,0.258,0.263,2597991.000
0.3585,0.365,0.2765,2598497.000
0.458,0.276,0.266,2601051.000
0.461,0.283,0.256,2601900.000
0.391,0.343,0.266,2631608.000
0.4055,0.3585,0.236,2639454.000
0.4025,0.3755,0.222,2651647.000
0.3905,0.3755,0.234,2654477.000
0.3838,0.3618,0.2544,2658947.000
0.3838,0.3618,0.2544,2685183.000
0.375,0.3594,0.2656,2692518.000
0.3766,0.3524,0.271,2697668.000
0.409,0.2972,0.2938,2699272.000
0.409,0.2972,0.2938,2703646.000
0.3798,0.3084,0.3118,2711856.000
0.363,0.3216,0.3154,2720902.000
0.335,0.3276,0.3374,2736166.000
0.335,0.3276,0.3374,2736928.000
0.335,0.3276,0.3374,2738999.000
0.315,0.25,0.435,2750781.000
0.315,0.25,0.435,2754451.000
0.26,0.257,0.483,2765071.000
0.2576,0.2722,0.4702,2766722.000
0.2576,0.2722,0.4702,2769167.000
0.265,0.312,0.423,2773297.000
0.2774,0.3084,0.4142,2784917.000
0.2774,0.3084,0.4142,2788368.000
0.2664,0.3148,0.4188,2791361.000
0.2758,0.3134,0.4108,2805676.000
0.244,0.332,0.424,2816468.000
0.3112,0.3084,0.3804,2819925.000
0.3112,0.3084,0.3804,2831226.000
0.2914,0.3174,0.3912,2835355.000
0.2918,0.3162,0.392,2836144.000
0.3386,0.2898,0.3716,2841872.000
0.3194,0.2862,0.3944,2856490.000
0.4386,0.243,0.3184,2858744.000
0.4386,0.243,0.3184,2859110.000
0.4386,0.243,0.3184,2866579.000
0.4386,0.243,0.3184,2879957.000
0.4538,0.239,0.3072,2883171.000
0.4538,0.239,0.3072,2885784.000
0.393,0.2694,0.3376,2891673.000
0.393,0.2694,0.3376,2893824.000
0.393,0.2694,0.3376,2899413.000
0.3706,0.2762,0.3532,2913383.000
0.365,0.2754,0.3596,2918185.000
0.365,0.2754,0.3596,2920912.000
0.3594,0.3186,0.322,2921960.000
0.3342,0.3326,0.3332,2924868.000
0.3708,0.2786,0.3506,2931087.000
0.372,0.2732,0.3548,2934428.000
0.3676,0.2744,0.358,2934447.000
0.3666,0.2559,0.3775,2942656.000
0.3662,0.2611,0.3727,2945258.000
0.3562,0.2711,0.3727,2945856.000
0.3382,0.2891,0.3727,2948614.000
0.332,0.3066,0.3614,2961146.000
0.328,0.2988,0.3732,2961894.000
0.3346,0.3186,0.3468,2963956.000
0.3346,0.3186,0.3468,2975812.000
0.333,0.321,0.346,2980636.000
0.283,0.317,0.4,2984284.000
0.302,0.35,0.348,2984340.000
0.302,0.344,0.354,2985511.000
0.2912,0.3824,0.3264,3004299.000
0.3096,0.3488,0.3416,3044029.000
0.3096,0.3488,0.3416,3050705.000
0.3102,0.348,0.3418,3050810.000
0.3162,0.346,0.3378,3052420.000
0.3114,0.35,0.3386,3064496.000
0.3114,0.35,0.3386,3069145.000
0.2974,0.356,0.3466,3088101.000
0.3134,0.3126,0.374,3088971.000
0.2926,0.378,0.3294,3089660.000
0.2926,0.378,0.3294,3090006.000
0.3439,0.3474,0.3087,3101393.000
0.3551,0.3345,0.3104,3106968.000
0.3737,0.3168,0.3095,3114335.000
0.3872,0.3036,0.3092,3117670.000
0.4168,0.2858,0.2974,3120423.000
0.4168,0.2858,0.2974,3124951.000
0.421,0.275,0.304,3128157.000
0.383,0.273,0.344,3130337.000
0.358,0.258,0.384,3134433.000
0.358,0.258,0.384,3160289.000
0.358,0.258,0.384,3196740.000
0.354,0.28,0.366,3196853.000
0.354,0.28,0.366,3199795.000
0.344,0.2985,0.3575,3204733.000
0.3625,0.286,0.3515,3205872.000
0.3815,0.2785,0.34,3210837.000
0.3745,0.2675,0.358,3225641.000
0.3876,0.2606,0.3518,3240236.000
0.3876,0.2616,0.3508,3245668.000
0.3876,0.2644,0.348,3249694.000
0.3876,0.2616,0.3508,3255080.000
0.4158,0.2478,0.3364,3256590.000
0.4088,0.2476,0.3436,3260982.000
0.4088,0.2476,0.3436,3266317.000
0.4076,0.2508,0.3416,3271017.000
0.4046,0.2526,0.3428,3280018.000
0.3606,0.2637,0.3757,3299086.000
0.3766,0.2699,0.3535,3303362.000
0.33,0.2921,0.3779,3305787.000
0.33,0.2921,0.3779,3307359.000
0.3362,0.291,0.3728,3307731.000
0.3412,0.2826,0.3762,3310584.000
0.3412,0.2826,0.3762,3331603.000
0.3412,0.2826,0.3762,3335407.000
0.3322,0.2632,0.4046,3337393.000
0.3364,0.2674,0.3962,3343254.000
0.3334,0.2694,0.3972,3346910.000
0.3632,0.2572,0.3796,3361238.000
0.3684,0.2704,0.3612,3364169.000
0.3724,0.2664,0.3612,3364785.000
0.3634,0.2814,0.3552,3368632.000
0.3804,0.2804,0.3392,3376117.000
0.3804,0.2804,0.3392,3378727.000
0.386,0.284,0.33,3385558.000
0.384,0.286,0.33,3387207.000
0.3716,0.2616,0.3668,3392825.000
0.4852,0.2032,0.3116,3418498.000
0.538,0.172,0.29,3419976.000
0.538,0.172,0.29,3420999.000
0.538,0.172,0.29,3427353.000
0.57,0.157,0.273,3428317.000
0.57,0.157,0.273,3441789.000
0.57,0.157,0.273,3444958.000
0.51,0.179,0.311,3447493.000
0.512,0.178,0.31,3451845.000
0.512,0.178,0.31,3465106.000
0.4,0.244,0.356,3470758.000
0.337,0.243,0.42,3474156.000
0.353,0.249,0.398,3479606.000
0.309,0.299,0.392,3483255.000
0.309,0.299,0.392,3499721.000
0.309,0.299,0.392,3505630.000
0.309,0.299,0.392,3515479.000
0.309,0.299,0.392,3520230.000
0.318,0.279,0.403,3520527.000
0.3356,0.2966,0.3678,3537237.000
0.3356,0.2966,0.3678,3539076.000
0.3356,0.2966,0.3678,3569038.000
0.376,0.2758,0.3482,3583533.000
0.376,0.2758,0.3482,3596368.000
0.352,0.287,0.361,3596396.000
0.368,0.283,0.349,3598315.000
0.368,0.283,0.349,3600622.000
0.368,0.283,0.349,3609901.000
0.372,0.255,0.373,3610523.000
0.408,0.235,0.357,3626946.000
0.4264,0.2314,0.3422,3630029.000
0.4264,0.2314,0.3422,3641918.000
0.4264,0.2314,0.3422,3656741.000
0.4264,0.2314,0.3422,3670694.000
0.4264,0.2314,0.3422,3695898.000
0.4264,0.2314,0.3422,3715997.000
0.41,0.241,0.349,3728103.000
0.41,0.241,0.349,3729091.000
0.41,0.241,0.349,3731730.000
0.41,0.241,0.349,3732472.000
0.4244,0.2342,0.3414,3733257.000
0.3574,0.2402,0.4024,3749138.000
0.3486,0.2522,0.3992,3758704.000
0.3486,0.2522,0.3992,3766657.000
0.3326,0.257,0.4104,3771868.000
0.3082,0.2946,0.3972,3773539.000
0.3082,0.2946,0.3972,3783019.000
0.3036,0.2838,0.4126,3791187.000
0.2996,0.2918,0.4086,3795653.000
0.2892,0.2406,0.4702,3799318.000
0.297,0.235,0.468,3803439.000
0.293,0.206,0.501,3813823.000
0.288,0.18,0.532,3815592.000
0.284,0.18,0.536,3819898.000
0.28,0.18,0.54,3833140.000
0.3022,0.2202,0.4776,3833690.000
0.3022,0.2202,0.4776,3835835.000
0.3022,0.2202,0.4776,3841031.000
0.308,0.237,0.455,3864815.000
0.3435,0.289,0.3675,3865928.000
0.3545,0.275,0.3705,3874154.000
0.344,0.278,0.378,3875195.000
0.365,0.272,0.363,3882153.000
0.365,0.272,0.363,3888012.000
0.364,0.269,0.367,3888195.000
0.4574,0.2582,0.2844,3902333.000
0.4574,0.2582,0.2844,3907638.000
0.4574,0.2582,0.2844,3907663.000
0.4475,0.263,0.2895,3917901.000
0.4475,0.263,0.2895,3924431.000
0.4475,0.263,0.2895,3925967.000
0.4475,0.263,0.2895,3942860.000
0.4385,0.275,0.2865,3948072.000
0.4385,0.275,0.2865,3952313.000
0.3885,0.301,0.3105,3960817.000
0.4043,0.2836,0.3121,3961316.000
0.389,0.275,0.336,3975041.000
0.389,0.275,0.336,3975542.000
0.393,0.271,0.336,3978929.000
0.386,0.268,0.346,3994731.000
0.386,0.268,0.346,4001443.000
0.386,0.268,0.346,4005180.000
0.393,0.271,0.336,4006918.000
0.384,0.262,0.354,4034943.000
0.384,0.262,0.354,4060796.000
0.382,0.282,0.336,4064292.000
0.358,0.306,0.336,4091737.000
0.404,0.26,0.336,4097899.000
0.38,0.284,0.336,4102340.000
0.428,0.236,0.336,4103867.000
0.406,0.243,0.351,4109284.000
0.322,0.264,0.414,4112029.000
0.322,0.264,0.414,4122087.000
0.2932,0.2352,0.4716,4141114.000
0.286,0.228,0.486,4149282.000
0.292,0.216,0.492,4152987.000
0.3004,0.2214,0.4782,4160958.000
0.307,0.27,0.423,4168241.000
0.307,0.27,0.423,4175080.000
0.247,0.29,0.463,4176960.000
0.247,0.29,0.463,4178574.000
0.247,0.29,0.463,4186432.000
0.247,0.29,0.463,4191485.000
0.232,0.243,0.525,4191550.000
0.232,0.243,0.525,4193841.000
0.23,0.251,0.519,4197499.000
0.197,0.253,0.55,4209892.000
0.197,0.253,0.55,4213331.000
0.188,0.262,0.55,4214335.000
0.188,0.262,0.55,4228003.000
0.286,0.136,0.578,4252768.000
0.4396,0.2132,0.3472,4269955.000
0.464,0.252,0.284,4275054.000
0.378,0.314,0.308,4284259.000
0.378,0.314,0.308,4288386.000
0.378,0.314,0.308,4288879.000
0.3456,0.3518,0.3026,4296427.000
0.3384,0.3554,0.3062,4317744.000
0.3384,0.3554,0.3062,4325270.000
0.3384,0.3554,0.3062,4333306.000
0.3384,0.3554,0.3062,4336453.000
0.3384,0.3554,0.3062,4339867.000
0.4038,0.3222,0.274,4342727.000
0.4282,0.307,0.2648,4379554.000
0.502,0.2294,0.2686,4395561.000
0.502,0.2294,0.2686,4403152.000
0.4769,0.2493,0.2738,4421518.000
0.4795,0.2475,0.273,4421579.000
0.4795,0.2475,0.273,4432812.000
0.4413,0.2353,0.3234,4434458.000
0.4413,0.2353,0.3234,4441509.000
0.4824,0.2331,0.2845,4479419.000
0.4636,0.2502,0.2862,4483048.000
0.4633,0.2391,0.2976,4483162.000
0.4593,0.2471,0.2936,4483837.000
0.4103,0.2841,0.3056,4485541.000
0.4103,0.2841,0.3056,4503044.000
0.4103,0.2841,0.3056,4514969.000
0.4265,0.2859,0.2876,4516767.000
0.4361,0.2817,0.2822,4540878.000
0.4361,0.2817,0.2822,4562851.000
0.4361,0.2837,0.2802,4577746.000
0.4361,0.2837,0.2802,4584895.000
0.4073,0.2963,0.2964,4590584.000
0.4073,0.2963,0.2964,4597694.000
0.4086,0.2998,0.2916,4610197.000
0.3878,0.3094,0.3028,4628295.000
0.381,0.309,0.31,4634027.000
0.34,0.3758,0.2842,4636069.000
0.369,0.3758,0.2552,4655433.000
0.4042,0.3182,0.2776,4664668.000
0.4042,0.3182,0.2776,4665380.000
0.4009,0.3163,0.2828,4682592.000
0.4059,0.3195,0.2746,4703505.000
0.3804,0.335,0.2846,4704584.000
0.3594,0.367,0.2736,4715688.000
0.3834,0.336,0.2806,4715978.000
0.3674,0.348,0.2846,4716782.000
0.3674,0.348,0.2846,4718181.000
0.3542,0.3614,0.2844,4721275.000
0.3542,0.3614,0.2844,4734925.000
0.3562,0.3594,0.2844,4748380.000
0.3562,0.3594,0.2844,4767178.000
0.3775,0.3551,0.2674,4792847.000
0.3775,0.3551,0.2674,4793646.000
0.3775,0.3551,0.2674,4804242.000
0.3775,0.3551,0.2674,4809322.000
0.3918,0.3494,0.2588,4820083.000
0.3792,0.362,0.2588,4824357.000
0.3718,0.3467,0.2815,4844094.000
0.3347,0.3728,0.2925,4848916.000
0.332,0.3842,0.2838,4849309.000
0.3176,0.4372,0.2452,4867041.000
0.3026,0.4356,0.2618,4878944.000
0.328,0.4568,0.2152,4885944.000
0.3328,0.4494,0.2178,4889663.000
0.3328,0.4494,0.2178,4909627.000
0.3328,0.4494,0.2178,4918497.000
0.3328,0.4494,0.2178,4920948.000
0.3272,0.4502,0.2226,4935464.000
0.3272,0.4502,0.2226,4937692.000
0.2784,0.4926,0.229,4954952.000
0.2832,0.465,0.2518,4955851.000
0.3004,0.4322,0.2674,4986520.000
0.3104,0.4218,0.2678,4994151.000
0.3104,0.4218,0.2678,5002777.000
0.3379,0.3651,0.297,5005696.000
0.3503,0.3619,0.2878,5015015.000
0.3584,0.3554,0.2862,5019145.000
0.3503,0.3619,0.2878,5020106.000
0.3495,0.3721,0.2784,5042236.000
0.3517,0.368,0.2803,5049727.000
0.3517,0.368,0.2803,5052512.000
0.3517,0.368,0.2803,5057343.000
0.3517,0.368,0.2803,5062696.000
0.3669,0.3562,0.2769,5063674.000
0.3823,0.3501,0.2676,5073208.000
0.3823,0.3501,0.2676,5073890.000
0.3522,0.3789,0.2689,5076575.000
0.3522,0.3789,0.2689,5082898.000
0.408,0.3159,0.2761,5090097.000
0.3826,0.3425,0.2749,5111666.000
0.3826,0.3425,0.2749,5122400.000
0.3826,0.3425,0.2749,5128876.000
0.3826,0.3425,0.2749,5131836.000
0.4242,0.2762,0.2996,5135554.000
0.3715,0.3272,0.3013,5143415.000
0.3715,0.3272,0.3013,5144059.000
0.3756,0.3535,0.2709,5147699.000
0.3756,0.3535,0.2709,5149521.000
0.3458,0.3906,0.2636,5151754.000
0.3638,0.3504,0.2858,5154888.000
0.3904,0.3314,0.2782,5158551.000
0.3998,0.339,0.2612,5163143.000
0.3998,0.339,0.2612,5164895.000
0.3998,0.339,0.2612,5179210.000
0.4344,0.3096,0.256,5187024.000
0.4187,0.3298,0.2515,5189563.000
0.4187,0.3248,0.2565,5191468.000
0.404,0.3436,0.2524,5193458.000
0.3748,0.3432,0.282,5209668.000
0.3748,0.3432,0.282,5218557.000
0.4006,0.3276,0.2718,5225214.000
0.4106,0.3276,0.2618,5234517.000
0.4086,0.3336,0.2578,5252095.000
0.4086,0.3336,0.2578,5264177.000
0.3956,0.3493,0.2551,5268807.000
0.4022,0.3421,0.2557,5272149.000
0.4026,0.3477,0.2497,5272258.000
0.4396,0.3038,0.2566,5273201.000
0.4396,0.3038,0.2566,5276715.000
0.4396,0.3038,0.2566,5286111.000
0.4298,0.3154,0.2548,5295551.000
0.4284,0.3102,0.2614,5313229.000
0.4284,0.3102,0.2614,5314204.000
0.399,0.325,0.276,5322720.000
0.4118,0.325,0.2632,5322997.000
0.4338,0.3358,0.2304,5326727.000
0.3898,0.4,0.2102,5330328.000
0.4198,0.381,0.1992,5337349.000
0.3688,0.4402,0.191,5338218.000
0.3696,0.4444,0.186,5351367.000
0.3006,0.4724,0.227,5353217.000
0.2586,0.4744,0.267,5356306.000
0.2165,0.5136,0.2699,5369050.000
0.2165,0.5136,0.2699,5374002.000
0.2165,0.5136,0.2699,5383324.000
0.2215,0.5356,0.2429,5388686.000
0.2299,0.4939,0.2762,5391422.000
0.2319,0.4939,0.2742,5391747.000
0.242,0.532,0.226,5396538.000
0.242,0.532,0.226,5415266.000
0.242,0.532,0.226,5425525.000
0.242,0.532,0.226,5429179.000
0.217,0.575,0.208,5438552.000
0.213,0.579,0.208,5440410.000
0.146,0.633,0.221,5449226.000
0.146,0.633,0.221,5450505.000
0.138,0.637,0.225,5456105.000
0.134,0.657,0.209,5476376.000
0.134,0.657,0.209,5481262.000
0.134,0.657,0.209,5485237.000
0.134,0.657,0.209,5488630.000
0.134,0.657,0.209,5507912.000
0.134,0.657,0.209,5517873.000
0.194,0.657,0.149,5524576.000
0.194,0.657,0.149,5536749.000
0.194,0.657,0.149,5539382.000
0.212,0.597,0.191,5578169.000
0.212,0.597,0.191,5580970.000
0.252,0.557,0.191,5592406.000
0.256,0.555,0.189,5617234.000
0.317,0.485,0.198,5626076.000
0.306,0.441,0.253,5628273.000
0.282,0.401,0.317,5638865.000
0.237,0.476,0.287,5640631.000
0.2272,0.5052,0.2676,5653592.000
0.2632,0.4332,0.3036,5655992.000
0.2272,0.5052,0.2676,5669972.000
0.2272,0.5052,0.2676,5671087.000
0.2316,0.4756,0.2928,5679642.000
0.2296,0.4796,0.2908,5698500.000
0.2296,0.4796,0.2908,5715771.000
0.2296,0.4796,0.2908,5724521.000
0.2236,0.4796,0.2968,5725574.000
0.2596,0.4076,0.3328,5727118.000
0.2596,0.4076,0.3328,5735888.000
0.268,0.43,0.302,5740999.000
0.268,0.43,0.302,5744106.000
0.268,0.43,0.302,5747768.000
0.268,0.43,0.302,5748219.000
0.268,0.43,0.302,5749311.000
0.268,0.43,0.302,5754894.000
0.27,0.448,0.282,5763259.000
0.27,0.448,0.282,5768732.000
0.265,0.457,0.278,5775925.000
0.265,0.477,0.258,5788179.000
0.266,0.491,0.243,5790400.000
0.262,0.485,0.253,5792058.000
0.262,0.485,0.253,5803818.000
0.2236,0.5618,0.2146,5808045.000
0.2236,0.5618,0.2146,5816078.000
0.3568,0.5044,0.1388,5824199.000
0.352,0.526,0.122,5837169.000
0.352,0.526,0.122,5846262.000
0.248,0.572,0.18,5867983.000
0.248,0.572,0.18,5871356.000
0.248,0.572,0.18,5885811.000
0.2564,0.5312,0.2124,5886533.000
0.2564,0.5312,0.2124,5888803.000
0.2564,0.5312,0.2124,5911463.000
0.2564,0.5312,0.2124,5917861.000
0.304,0.45,0.246,5924411.000
0.304,0.45,0.246,5931682.000
0.304,0.45,0.246,5938119.000
0.313,0.45,0.237,5953486.000
0.313,0.45,0.237,5959022.000
0.269,0.485,0.246,5967140.000
0.2638,0.483,0.2532,5967673.000
0.2518,0.495,0.2532,5969583.000
0.303,0.394,0.303,5971194.000
0.2721,0.3953,0.3326,5977924.000
0.2721,0.3953,0.3326,5989071.000
0.2785,0.4431,0.2784,5997532.000
0.2735,0.4317,0.2948,5999845.000
0.2735,0.4317,0.2948,6004143.000
0.2463,0.4529,0.3008,6004327.000
0.2735,0.4317,0.2948,6006173.000
0.2735,0.4317,0.2948,6032555.000
0.2735,0.4317,0.2948,6036754.000
0.2735,0.4317,0.2948,6045546.000
0.2735,0.4317,0.2948,6053977.000
0.2939,0.4105,0.2956,6065017.000
0.2593,0.4913,0.2494,6065187.000
0.2674,0.4796,0.253,6067989.000
0.3274,0.4116,0.261,6071738.000
0.3544,0.3826,0.263,6073249.000
0.3444,0.3762,0.2794,6086942.000
0.376,0.3572,0.2668,6116485.000
0.3506,0.3942,0.2552,6124541.000
0.3506,0.3942,0.2552,6126094.000
0.3276,0.4222,0.2502,6136061.000
0.3176,0.43,0.2524,6142915.000
0.2996,0.4344,0.266,6144930.000
0.2996,0.4224,0.278,6154011.000
0.2996,0.4224,0.278,6154596.000
0.3028,0.3568,0.3404,6159655.000
0.3028,0.3568,0.3404,6169053.000
0.3028,0.3568,0.3404,6171585.000
0.3028,0.3568,0.3404,6175905.000
0.2908,0.4148,0.2944,6176455.000
0.282,0.38,0.338,6177517.000
0.282,0.38,0.338,6202386.000
0.282,0.38,0.338,6209954.000
0.2948,0.388,0.3172,6216748.000
0.3352,0.3968,0.268,6216901.000
0.3422,0.4066,0.2512,6222814.000
0.3422,0.4066,0.2512,6231572.000
0.3422,0.4066,0.2512,6243903.000
0.3422,0.4066,0.2512,6254571.000
0.359,0.4288,0.2122,6260537.000
0.323,0.4416,0.2354,6260933.000
0.3134,0.4568,0.2298,6262319.000
0.3134,0.4568,0.2298,6263021.000
0.2747,0.4792,0.2461,6296303.000
0.2986,0.4301,0.2713,6298276.000
0.2926,0.4451,0.2623,6310884.000
0.2966,0.4571,0.2463,6317145.000
0.319,0.455,0.226,6319534.000
0.337,0.464,0.199,6321081.000
0.3524,0.4318,0.2158,6328457.000
0.3524,0.4318,0.2158,6330818.000
0.3554,0.4358,0.2088,6333010.000
0.3554,0.4358,0.2088,6341544.000
0.3508,0.4038,0.2454,6343566.000
0.3772,0.325,0.2978,6345031.000
0.3307,0.3133,0.356,6351526.000
0.3307,0.3133,0.356,6352723.000
0.3594,0.3212,0.3194,6363768.000
0.3639,0.3671,0.269,6364751.000
0.3639,0.3671,0.269,6365121.000
0.3639,0.3671,0.269,6371350.000
0.3619,0.3521,0.286,6375603.000
0.3619,0.3521,0.286,6376211.000
0.3619,0.3521,0.286,6400959.000
0.3247,0.4019,0.2734,6415686.000
0.3757,0.3687,0.2556,6424737.000
0.3763,0.366,0.2577,6425463.000
0.3777,0.3744,0.2479,6433656.000
0.3757,0.3697,0.2546,6461599.000
0.355,0.3788,0.2662,6473072.000
0.355,0.3788,0.2662,6475787.000
0.355,0.3788,0.2662,6506209.000
0.355,0.3768,0.2682,6523736.000
0.3455,0.3958,0.2587,6524364.000
0.3485,0.3948,0.2567,6531087.000
0.3485,0.3948,0.2567,6549394.000
0.3325,0.4128,0.2547,6549414.000
0.3194,0.4222,0.2584,6553485.000
0.3472,0.4014,0.2514,6561330.000
0.3472,0.4014,0.2514,6577025.000
0.3472,0.4014,0.2514,6577423.000
0.3472,0.4014,0.2514,6578354.000
0.3592,0.4014,0.2394,6589311.000
0.3619,0.3853,0.2528,6596660.000
0.3882,0.3762,0.2356,6599394.000
0.3022,0.4532,0.2446,6604221.000
0.3022,0.4432,0.2546,6614857.000
0.3286,0.4104,0.261,6619510.000
0.3286,0.4104,0.261,6621503.000
0.3286,0.4104,0.261,6622270.000
0.3131,0.4234,0.2635,6645466.000
0.2998,0.4382,0.262,6648253.000
0.291,0.4326,0.2764,6648915.000
0.2825,0.4232,0.2943,6653552.000
0.291,0.4379,0.2711,6657369.000
0.2654,0.4817,0.2529,6683560.000
0.2808,0.4425,0.2767,6689146.000
0.3,0.4293,0.2707,6694363.000
0.3028,0.4056,0.2916,6699256.000
0.3156,0.3853,0.2991,6702577.000
0.3156,0.3853,0.2991,6705396.000
0.3156,0.3853,0.2991,6717883.000
0.3118,0.3813,0.3069,6718545.000
0.335,0.3584,0.3066,6723243.000
0.3532,0.3223,0.3245,6735651.000
0.352,0.325,0.323,6739370.000
0.3566,0.3295,0.3139,6741256.000
0.3202,0.4265,0.2533,6741746.000
0.31,0.4275,0.2625,6750695.000
0.31,0.4235,0.2665,6752169.000
0.3234,0.411,0.2656,6757197.000
0.3234,0.411,0.2656,6768037.000
0.3144,0.4272,0.2584,6768506.000
0.3236,0.3926,0.2838,6781949.000
0.3208,0.4077,0.2715,6790990.000
0.3141,0.4124,0.2735,6794010.000
0.2998,0.4204,0.2798,6803753.000
0.2946,0.4388,0.2666,6815282.000
0.3132,0.415,0.2718,6816161.000
0.2945,0.4147,0.2908,6821952.000
0.2753,0.3919,0.3328,6822294.000
0.2795,0.4167,0.3038,6832816.000
0.2746,0.4139,0.3115,6841023.000
0.2999,0.3985,0.3016,6842631.000
0.308,0.3901,0.3019,6844035.000
0.3138,0.3896,0.2966,6853254.000
0.3158,0.3916,0.2926,6860252.000
0.3158,0.3916,0.2926,6861473.000
0.3158,0.3916,0.2926,6868186.000
0.3328,0.3496,0.3176,6875349.000
0.3272,0.3864,0.2864,6876069.000
0.3272,0.3884,0.2844,6880609.000
0.3324,0.3875,0.2801,6884637.000
0.3276,0.3741,0.2983,6886854.000
0.3326,0.3576,0.3098,6892805.000
0.3311,0.3561,0.3128,6913117.000
0.3203,0.3626,0.3171,6926814.000
0.344,0.3342,0.3218,6938157.000
0.344,0.3342,0.3218,6944586.000
0.3382,0.336,0.3258,6952287.000
0.307,0.4395,0.2535,6964295.000
0.307,0.4395,0.2535,6980131.000
0.3044,0.4469,0.2487,6982624.000
0.3044,0.4469,0.2487,6982707.000
0.3088,0.4533,0.2379,6983745.000
0.306,0.4497,0.2443,7015856.000
0.306,0.4497,0.2443,7020794.000
0.306,0.4497,0.2443,7023897.000
0.3156,0.4461,0.2383,7026380.000
0.291,0.4584,0.2506,7028507.000
0.3562,0.364,0.2798,7032470.000
0.3488,0.3676,0.2836,7033789.000
0.3488,0.3676,0.2836,7044189.000
0.3488,0.3676,0.2836,7044626.000
0.3488,0.3676,0.2836,7047110.000
0.3488,0.3676,0.2836,7056763.000
0.3488,0.3676,0.2836,7059929.000
0.3488,0.3476,0.3036,7078273.000
0.3332,0.3634,0.3034,7083444.000
0.3332,0.3634,0.3034,7088710.000
0.3332,0.3634,0.3034,7094545.000
0.3332,0.3634,0.3034,7095497.000
0.3332,0.3634,0.3034,7096846.000
0.3332,0.3634,0.3034,7098602.000
0.3332,0.3634,0.3034,7118507.000
0.371,0.3454,0.2836,7126625.000
0.371,0.3454,0.2836,7136934.000
0.371,0.3474,0.2816,7139140.000
0.371,0.3474,0.2816,7142250.000
0.365,0.3262,0.3088,7153488.000
0.365,0.3262,0.3088,7157652.000
0.365,0.3262,0.3088,7161985.000
0.3046,0.367,0.3284,7162811.000
0.3448,0.273,0.3822,7168414.000
0.3448,0.273,0.3822,7172873.000
0.3338,0.2892,0.377,7181749.000
0.3338,0.2892,0.377,7189012.000
0.3338,0.2892,0.377,7212540.000
0.384,0.28,0.336,7220057.000
0.3784,0.3024,0.3192,7220894.000
0.4068,0.3,0.2932,7221524.000
0.4066,0.3036,0.2898,7234911.000
0.4068,0.3,0.2932,7237068.000
0.4464,0.284,0.2696,7240862.000
0.4638,0.2632,0.273,7246299.000
0.4638,0.2632,0.273,7247752.000
0.5282,0.23,0.2418,7249421.000
0.5282,0.228,0.2438,7253172.000
0.5282,0.228,0.2438,7259126.000
0.5282,0.228,0.2438,7270434.000
0.5282,0.228,0.2438,7275324.000
0.5282,0.228,0.2438,7276529.000
0.5125,0.2404,0.2471,7281727.000
0.5125,0.2404,0.2471,7284794.000
0.502,0.249,0.249,7286285.000
0.3938,0.346,0.2602,7292793.000
0.3938,0.346,0.2602,7293351.000
0.3749,0.3504,0.2747,7295225.000
0.3749,0.3494,0.2757,7296906.000
0.377,0.371,0.252,7302142.000
0.377,0.371,0.252,7310695.000
0.377,0.371,0.252,7337262.000
0.377,0.371,0.252,7337427.000
0.377,0.3302,0.2928,7337687.000
0.377,0.3302,0.2928,7346456.000
0.3573,0.3642,0.2785,7347400.000
0.3603,0.3552,0.2845,7350362.000
0.3603,0.3552,0.2845,7352769.000
0.3495,0.3427,0.3078,7357608.000
0.3342,0.344,0.3218,7375823.000
0.3359,0.3433,0.3208,7383190.000
0.3177,0.3691,0.3132,7400630.000
0.3072,0.3942,0.2986,7426791.000
0.3072,0.3942,0.2986,7446891.000
0.3052,0.3932,0.3016,7458677.000
0.3008,0.2988,0.4004,7459936.000
0.3208,0.3094,0.3698,7466809.000
0.3208,0.3074,0.3718,7471220.000
0.3248,0.2712,0.404,7488956.000
0.3248,0.2712,0.404,7491099.000
0.3206,0.2838,0.3956,7497352.000
0.4118,0.2814,0.3068,7501537.000
0.4118,0.2814,0.3068,7507947.000
0.4118,0.2904,0.2978,7519990.000
0.4118,0.2884,0.2998,7520598.000
0.4084,0.2948,0.2968,7522544.000
0.4084,0.2948,0.2968,7524616.000
0.4249,0.2603,0.3148,7556961.000
0.4438,0.2566,0.2996,7562473.000
0.4012,0.2546,0.3442,7589964.000
0.4249,0.2455,0.3296,7594776.000
0.4285,0.2407,0.3308,7605343.000
0.4078,0.2626,0.3296,7615834.000
0.3928,0.2686,0.3386,7625242.000
0.3721,0.2905,0.3374,7627815.000
0.3661,0.2877,0.3462,7629844.000
0.367,0.275,0.358,7644406.000
0.3554,0.2942,0.3504,7657387.000
0.3554,0.2942,0.3504,7661246.000
0.3448,0.3344,0.3208,7668947.000
0.344,0.341,0.315,7680528.000
0.3352,0.3814,0.2834,7685026.000
0.3352,0.3814,0.2834,7702151.000
0.3412,0.3784,0.2804,7715535.000
0.3092,0.4104,0.2804,7720024.000
0.3092,0.4104,0.2804,7724595.000
0.3092,0.4104,0.2804,7740516.000
0.2816,0.4248,0.2936,7742679.000
0.2742,0.4504,0.2754,7742853.000
0.2732,0.4504,0.2764,7749535.000
0.294,0.434,0.272,7765953.000
0.258,0.472,0.27,7767542.000
0.282,0.448,0.27,7779868.000
0.312,0.41,0.278,7782428.000
0.3186,0.381,0.3004,7784655.000
0.3132,0.3932,0.2936,7785067.000
0.3092,0.3942,0.2966,7785328.000
0.3092,0.3942,0.2966,7792943.000
0.3052,0.3972,0.2976,7804107.000
0.3032,0.3942,0.3026,7810970.000
0.3092,0.3942,0.2966,7842211.000
0.3176,0.3596,0.3228,7858173.000
0.3164,0.3493,0.3343,7868053.000
0.312,0.3481,0.3399,7870911.000
0.2742,0.276,0.4498,7872956.000
0.2442,0.2936,0.4622,7875055.000
0.2202,0.2932,0.4866,7881180.000
0.2357,0.3262,0.4381,7888226.000
0.2107,0.3812,0.4081,7890757.000
0.2107,0.3812,0.4081,7905363.000
0.3052,0.338,0.3568,7931958.000
0.3052,0.338,0.3568,7934300.000
0.3,0.3408,0.3592,7948803.000
0.2898,0.3256,0.3846,7964851.000
0.2898,0.3256,0.3846,7974109.000
0.292,0.341,0.367,7986515.000
0.329,0.317,0.354,7998926.000
0.329,0.317,0.354,8034373.000
0.327,0.314,0.359,8039914.000
0.327,0.314,0.359,8073341.000
0.286,0.341,0.373,8089237.000
0.286,0.341,0.373,8113138.000
0.286,0.341,0.373,8152625.000
0.245,0.368,0.387,8154479.000
0.249,0.393,0.358,8162488.000
0.237,0.388,0.375,8170320.000
0.243,0.422,0.335,8175052.000
0.237,0.388,0.375,8187835.000
0.237,0.388,0.375,8196603.000
0.237,0.388,0.375,8209816.000
0.171,0.214,0.615,8231238.000
0.15,0.211,0.639,8234787.000
0.15,0.211,0.639,8237781.000
0.147,0.215,0.638,8250255.000
0.147,0.191,0.662,8250764.000
0.126,0.2315,0.6425,8261010.000
0.2574,0.3752,0.3674,8268440.000
0.252,0.3824,0.3656,8276890.000
0.252,0.3824,0.3656,8299147.000
0.252,0.3784,0.3696,8299273.000
0.252,0.3784,0.3696,8303959.000
0.2844,0.3352,0.3804,8347874.000
0.273,0.3346,0.3924,8354911.000
0.2596,0.334,0.4064,8356138.000
0.2636,0.33,0.4064,8361250.000
0.26,0.3342,0.4058,8380571.000
0.2586,0.3314,0.41,8394038.000
0.2482,0.358,0.3938,8398023.000
0.2482,0.37,0.3818,8414859.000
0.2338,0.382,0.3842,8421029.000
0.214,0.4183,0.3677,8423182.000
0.2174,0.4156,0.367,8426556.000
0.222,0.4239,0.3541,8439040.000
0.2478,0.3759,0.3763,8446548.000
0.2478,0.3759,0.3763,8447054.000
0.2361,0.3876,0.3763,8452769.000
0.2219,0.4728,0.3053,8453128.000
0.2199,0.4698,0.3103,8458749.000
0.2323,0.4691,0.2986,8473794.000
0.2323,0.4691,0.2986,8474809.000
0.2275,0.4685,0.304,8475091.000
0.2275,0.4685,0.304,8493238.000
0.2275,0.4805,0.292,8515492.000
0.2348,0.4622,0.303,8522945.000
0.2436,0.3826,0.3738,8532440.000
0.2476,0.4136,0.3388,8540727.000
0.2464,0.4546,0.299,8556978.000
0.248,0.4552,0.2968,8558741.000
0.2376,0.4604,0.302,8579321.000
0.2384,0.4578,0.3038,8588828.000
0.2178,0.4648,0.3174,8627581.000
0.2626,0.4416,0.2958,8645335.000
0.2626,0.4216,0.3158,8653999.000
0.2664,0.434,0.2996,8666542.000
0.2969,0.4245,0.2786,8672380.000
0.3061,0.4191,0.2748,8692823.000
0.2938,0.4213,0.2849,8699880.000
0.2438,0.4907,0.2655,8743450.000
0.2448,0.4897,0.2655,8744144.000
0.3156,0.3527,0.3317,8767069.000
0.3156,0.3527,0.3317,8778286.000
0.32,0.3373,0.3427,8799198.000
0.32,0.3373,0.3427,8809215.000
0.3354,0.326,0.3386,8820984.000
0.3342,0.335,0.3308,8835508.000
0.3082,0.296,0.3958,8835566.000
0.2932,0.3213,0.3855,8837281.000
0.2978,0.3201,0.3821,8838300.000
0.2955,0.315,0.3895,8838533.000
0.2955,0.315,0.3895,8849402.000
0.3112,0.3312,0.3576,8853147.000
0.3202,0.3412,0.3386,8866866.000
0.3182,0.3492,0.3326,8892826.000
0.3154,0.3532,0.3314,8900878.000
0.3106,0.362,0.3274,8909717.000
0.3082,0.3596,0.3322,8927395.000
0.3268,0.3404,0.3328,8927516.000
0.3296,0.3402,0.3302,8928530.000
0.3556,0.3006,0.3438,8956143.000
0.3526,0.3098,0.3376,9003847.000
0.331,0.3396,0.3294,9063468.000
0.346,0.3464,0.3076,9082175.000
0.361,0.3164,0.3226,9088791.000
0.361,0.3164,0.3226,9091206.000
0.3514,0.326,0.3226,9099872.000
0.3538,0.3132,0.333,9118246.000
0.3538,0.3132,0.333,9171162.000
0.331,0.345,0.324,9199226.000
0.331,0.345,0.324,9207010.000
0.331,0.345,0.324,9228365.000
0.331,0.345,0.324,9229608.000
0.2902,0.3376,0.3722,9235797.000
0.2962,0.3326,0.3712,9242023.000
0.2927,0.3146,0.3927,9251946.000
0.3117,0.333,0.3553,9252281.000
0.3057,0.335,0.3593,9272300.000
0.3057,0.335,0.3593,9281245.000
0.3057,0.335,0.3593,9299729.000
0.3057,0.335,0.3593,9303323.000
0.3057,0.335,0.3593,9305673.000
0.3377,0.3318,0.3305,9305685.000
0.3377,0.3318,0.3305,9320294.000
0.3377,0.3318,0.3305,9322420.000
0.3397,0.3288,0.3315,9333876.000
0.3414,0.3338,0.3248,9334376.000
0.3704,0.3238,0.3058,9335222.000
0.3704,0.3238,0.3058,9342247.000
0.3654,0.3318,0.3028,9361406.000
0.3654,0.3318,0.3028,9371504.000
0.3654,0.3318,0.3028,9387054.000
0.3504,0.3268,0.3228,9398454.000
0.3084,0.3456,0.346,9403587.000
0.2776,0.3954,0.327,9405198.000
0.2796,0.3934,0.327,9415515.000
0.2796,0.3934,0.327,9428665.000
0.3194,0.3756,0.305,9479486.000
0.3106,0.4044,0.285,9501795.000
0.2902,0.4284,0.2814,9538512.000
0.2902,0.4284,0.2814,9545571.000
0.2902,0.4284,0.2814,9546410.000
0.2966,0.4212,0.2822,9547472.000
0.2886,0.4262,0.2852,9549952.000
0.2886,0.4262,0.2852,9557888.000
0.2876,0.4232,0.2892,9559200.000
0.2956,0.4212,0.2832,9559709.000
0.302,0.3928,0.3052,9563856.000
0.302,0.3928,0.3052,9564657.000
0.3024,0.3872,0.3104,9567853.000
0.3024,0.3912,0.3064,9588314.000
0.3024,0.3912,0.3064,9588576.000
0.3024,0.3912,0.3064,9596096.000
0.3378,0.3896,0.2726,9616141.000
0.3378,0.3896,0.2726,9628463.000
0.3378,0.3896,0.2726,9638241.000
0.3434,0.37,0.2866,9652783.000
0.3434,0.37,0.2866,9655394.000
0.3516,0.3524,0.296,9656246.000
0.3596,0.3464,0.294,9656504.000
0.368,0.3424,0.2896,9658869.000
0.3647,0.3546,0.2807,9678842.000
0.3647,0.3536,0.2817,9686261.000
0.3661,0.351,0.2829,9697592.000
0.3825,0.3432,0.2743,9698562.000
0.3637,0.3452,0.2911,9701836.000
0.3821,0.3274,0.2905,9727136.000
0.3821,0.3274,0.2905,9727360.000
0.3814,0.3223,0.2963,9731978.000
0.3784,0.3261,0.2955,9733681.000
0.3926,0.3159,0.2915,9736441.000
0.4008,0.303,0.2962,9746208.000
0.3902,0.3084,0.3014,9749515.000
0.3667,0.3217,0.3116,9751238.000
0.3667,0.3217,0.3116,9752806.000
0.3868,0.3283,0.2849,9774125.000
0.3767,0.3256,0.2977,9794032.000
0.3767,0.3256,0.2977,9798113.000
0.3767,0.3256,0.2977,9830460.000
0.3805,0.3257,0.2938,9833787.000
0.3805,0.3257,0.2938,9844683.000
0.3969,0.3341,0.269,9867344.000
0.3981,0.3135,0.2884,9868348.000
0.3973,0.3183,0.2844,9872133.000
0.3673,0.3376,0.2951,9884421.000
0.3295,0.3301,0.3404,9898133.000
0.3495,0.3238,0.3267,9921272.000
0.3494,0.3216,0.329,9923375.000
0.308,0.3534,0.3386,9928714.000
0.2921,0.3957,0.3122,9929370.000
0.294,0.3905,0.3155,9947188.000
0.301,0.368,0.331,9948401.000
0.293,0.377,0.33,9967269.000
0.2826,0.3637,0.3537,9967426.000
0.2826,0.3637,0.3537,10003494.000
0.2871,0.3504,0.3625,10003911.000
0.2642,0.341,0.3948,10015167.000
0.2686,0.3248,0.4066,10034882.000
0.2646,0.3308,0.4046,10057858.000
0.2885,0.3008,0.4107,10058278.000
0.2885,0.3008,0.4107,10061830.000
0.2813,0.3284,0.3903,10089100.000
0.3008,0.3454,0.3538,10101179.000
0.3016,0.3098,0.3886,10107585.000
0.3016,0.3098,0.3886,10112683.000
0.2751,0.3168,0.4081,10123582.000
0.2751,0.3168,0.4081,10150644.000
0.2836,0.3038,0.4126,10153336.000
0.3118,0.3224,0.3658,10159838.000
0.3118,0.3224,0.3658,10168249.000
0.3234,0.3036,0.373,10171976.000
0.3234,0.3036,0.373,10176900.000
0.3234,0.3036,0.373,10180456.000
0.3498,0.3108,0.3394,10182736.000
0.3228,0.3803,0.2969,10188004.000
0.3401,0.3999,0.26,10195281.000
0.3418,0.379,0.2792,10195997.000
0.3418,0.379,0.2792,10204563.000
0.3643,0.3451,0.2906,10222781.000
0.3643,0.3451,0.2906,10230206.000
0.3643,0.3451,0.2906,10260765.000
0.3727,0.3229,0.3044,10269214.000
0.3747,0.3209,0.3044,10269844.000
0.3644,0.3168,0.3188,10278427.000
0.3634,0.3178,0.3188,10286208.000
0.3634,0.3178,0.3188,10328339.000
0.3737,0.3219,0.3044,10330192.000
0.3737,0.3219,0.3044,10360039.000
0.4454,0.2464,0.3082,10380883.000
0.4325,0.2334,0.3341,10382512.000
0.4366,0.2443,0.3191,10385091.000
