T1,T2,T3
"(0,(1,(2,3)));","(0,(2,(1,3)));","(0,(3,(1,2)));"
0.395,0.343,0.262
0.31,0.343,0.347
0.464,0.209,0.327
0.339,0.37,0.291
0.337,0.336,0.328
0.325,0.359,0.316
0.346,0.347,0.307
0.292,0.414,0.294
0.273,0.238,0.488
0.28,0.329,0.392
0.508,0.27,0.222
0.255,0.318,0.426
0.368,0.426,0.206
0.283,0.242,0.475
0.205,0.394,0.401
0.408,0.382,0.21
0.416,0.365,0.219
0.275,0.324,0.401
0.306,0.284,0.41
0.592,0.143,0.264
0.364,0.279,0.357
0.421,0.226,0.352
0.312,0.427,0.261
0.296,0.332,0.372
0.318,0.284,0.397
0.366,0.248,0.386
0.286,0.276,0.438
0.256,0.321,0.423
0.362,0.271,0.367
0.27,0.266,0.464
0.296,0.26,0.444
0.313,0.243,0.444
0.259,0.454,0.286
0.41,0.296,0.294
0.302,0.32,0.378
0.303,0.232,0.465
0.394,0.286,0.32
0.12,0.397,0.483
0.269,0.398,0.334
0.34,0.307,0.353
0.162,0.25,0.588
0.165,0.418,0.417
0.322,0.316,0.362
0.394,0.295,0.311
0.195,0.348,0.457
0.371,0.307,0.322
0.468,0.264,0.268
0.291,0.289,0.419
0.373,0.315,0.311
0.388,0.311,0.301
0.3,0.3,0.4
0.408,0.295,0.296
0.352,0.306,0.342
0.354,0.362,0.284
0.271,0.459,0.27
0.295,0.278,0.427
0.279,0.325,0.396
0.303,0.34,0.357
0.3,0.197,0.502
0.274,0.333,0.393
0.474,0.301,0.225
0.529,0.268,0.203
0.305,0.372,0.323
0.215,0.415,0.37
0.302,0.311,0.386
0.234,0.514,0.252
0.444,0.346,0.21
0.175,0.203,0.622
0.204,0.158,0.639
0.284,0.392,0.324
0.354,0.432,0.214
0.388,0.27,0.342
0.133,0.46,0.408
0.302,0.216,0.482
0.35,0.292,0.358
0.333,0.276,0.391
0.21,0.442,0.348
0.312,0.414,0.275
0.436,0.274,0.29
0.326,0.37,0.303
0.449,0.223,0.328
0.292,0.301,0.408
0.238,0.268,0.494
0.305,0.278,0.417
0.369,0.283,0.348
0.259,0.376,0.365
0.481,0.219,0.3
0.319,0.307,0.374
0.233,0.227,0.54
0.243,0.368,0.389
0.268,0.264,0.468
0.44,0.195,0.365
0.309,0.218,0.474
0.34,0.355,0.305
0.293,0.453,0.254
0.293,0.287,0.42
0.342,0.234,0.424
0.3,0.401,0.299
0.312,0.354,0.334
0.331,0.329,0.34
0.457,0.363,0.18
0.279,0.313,0.408
0.256,0.269,0.475
0.381,0.415,0.205
0.283,0.318,0.399
0.249,0.331,0.42
0.373,0.287,0.34
0.364,0.248,0.388
0.278,0.411,0.311
0.265,0.436,0.3
0.346,0.332,0.323
0.321,0.468,0.211
0.341,0.411,0.248
0.18,0.191,0.629
0.444,0.265,0.29
0.281,0.279,0.44
0.267,0.332,0.4
0.188,0.242,0.57
0.329,0.327,0.344
0.328,0.273,0.4
0.551,0.213,0.236
0.362,0.301,0.336
0.322,0.327,0.35
0.315,0.358,0.326
0.32,0.408,0.272
0.417,0.269,0.314
0.34,0.289,0.371
0.344,0.399,0.257
0.329,0.213,0.458
0.487,0.234,0.279
0.34,0.21,0.45
0.217,0.346,0.437
0.467,0.255,0.278
0.339,0.41,0.251
0.421,0.292,0.287
0.322,0.438,0.239
0.23,0.227,0.543
0.334,0.26,0.407
0.371,0.266,0.363
0.373,0.235,0.392
0.341,0.242,0.417
0.253,0.263,0.484
0.156,0.371,0.474
0.352,0.302,0.346
0.318,0.321,0.36
0.353,0.316,0.332
0.354,0.389,0.256
0.273,0.387,0.34
0.256,0.156,0.588
0.318,0.424,0.259
0.2,0.616,0.185
0.256,0.294,0.449
0.318,0.32,0.362
0.293,0.339,0.368
0.319,0.285,0.396
0.321,0.156,0.523
0.312,0.354,0.334
0.146,0.191,0.662
0.388,0.338,0.273
0.293,0.265,0.441
0.192,0.3,0.508
0.236,0.409,0.356
0.308,0.282,0.41
0.331,0.388,0.281
0.28,0.292,0.429
0.351,0.314,0.335
0.317,0.378,0.305
0.328,0.326,0.346
0.365,0.229,0.406
0.295,0.377,0.328
0.345,0.283,0.372
0.4,0.318,0.282
0.388,0.277,0.335
0.544,0.244,0.212
0.397,0.296,0.306
0.355,0.385,0.259
0.457,0.27,0.272
0.245,0.573,0.183
0.268,0.372,0.361
0.128,0.154,0.718
0.298,0.333,0.369
0.302,0.379,0.319
0.285,0.389,0.326
0.35,0.301,0.348
0.287,0.249,0.464
0.372,0.291,0.338
0.316,0.384,0.301
0.368,0.363,0.269
0.331,0.333,0.336
0.218,0.358,0.424
0.295,0.392,0.314
0.321,0.417,0.262
0.312,0.428,0.26
0.324,0.303,0.373
0.317,0.311,0.371
0.209,0.29,0.501
0.322,0.359,0.32
0.257,0.474,0.269
0.294,0.461,0.245
0.272,0.329,0.399
0.497,0.255,0.248
0.302,0.34,0.358
0.31,0.376,0.313
0.144,0.502,0.354
0.341,0.239,0.42
0.289,0.431,0.281
0.27,0.247,0.483
0.371,0.392,0.238
0.385,0.284,0.331
0.46,0.294,0.246
0.409,0.275,0.316
0.368,0.353,0.279
0.465,0.195,0.34
0.414,0.286,0.3
0.391,0.182,0.427
0.41,0.255,0.334
0.239,0.216,0.545
0.411,0.243,0.347
0.27,0.328,0.402
0.298,0.403,0.299
0.256,0.204,0.54
0.187,0.262,0.55
0.441,0.238,0.321
0.395,0.367,0.239
0.362,0.32,0.317
0.31,0.242,0.448
0.374,0.285,0.34
0.25,0.435,0.315
0.265,0.183,0.552
0.321,0.379,0.3
0.373,0.236,0.391
0.613,0.157,0.229
0.329,0.289,0.382
0.224,0.406,0.371
0.384,0.248,0.368
0.165,0.45,0.385
0.209,0.24,0.552
0.319,0.369,0.312
0.251,0.383,0.366
0.221,0.326,0.453
0.263,0.441,0.297
0.416,0.324,0.261
0.468,0.301,0.231
0.288,0.377,0.335
0.275,0.383,0.342
0.329,0.378,0.293
0.271,0.276,0.453
0.238,0.375,0.387
0.361,0.287,0.351
0.334,0.322,0.343
0.419,0.287,0.294
0.365,0.279,0.356
0.435,0.26,0.306
0.398,0.236,0.366
0.295,0.315,0.391
0.193,0.23,0.577
0.37,0.333,0.297
0.318,0.383,0.299
0.338,0.33,0.332
0.347,0.299,0.354
0.274,0.353,0.373
0.543,0.195,0.262
0.239,0.433,0.328
0.289,0.391,0.32
0.361,0.402,0.237
0.23,0.321,0.449
0.303,0.175,0.523
0.353,0.479,0.168
0.324,0.319,0.357
0.35,0.28,0.37
0.389,0.318,0.294
0.331,0.277,0.392
0.314,0.287,0.399
0.365,0.355,0.28
0.364,0.225,0.411
0.318,0.416,0.266
0.287,0.335,0.378
0.33,0.311,0.358
0.376,0.33,0.294
0.295,0.298,0.407
0.288,0.391,0.32
0.301,0.288,0.41
0.252,0.616,0.132
0.3,0.341,0.359
0.316,0.314,0.369
0.425,0.282,0.292
0.377,0.206,0.417
0.175,0.264,0.561
0.372,0.246,0.382
0.537,0.149,0.314
0.396,0.28,0.325
0.313,0.354,0.332
0.316,0.319,0.365
0.3,0.378,0.322
0.352,0.174,0.473
0.381,0.286,0.333
0.318,0.296,0.386
0.257,0.437,0.306
0.297,0.402,0.301
0.236,0.477,0.287
0.347,0.336,0.317
0.556,0.237,0.207
0.169,0.547,0.284
0.398,0.316,0.287
0.224,0.293,0.483
0.38,0.343,0.277
0.29,0.435,0.276
0.375,0.318,0.308
0.156,0.41,0.435
0.399,0.249,0.352
0.426,0.317,0.257
0.266,0.419,0.314
0.398,0.254,0.348
0.313,0.406,0.281
0.365,0.154,0.481
0.227,0.283,0.491
0.389,0.288,0.323
0.287,0.444,0.269
0.319,0.313,0.369
0.228,0.419,0.354
0.493,0.243,0.264
0.282,0.344,0.374
0.587,0.196,0.217
0.446,0.271,0.283
0.261,0.367,0.372
0.181,0.364,0.456
0.344,0.407,0.249
0.355,0.396,0.249
0.267,0.223,0.51
0.328,0.306,0.366
0.3,0.472,0.229
0.33,0.31,0.361
0.268,0.337,0.396
0.389,0.293,0.318
0.316,0.258,0.426
0.439,0.274,0.287
0.43,0.312,0.259
0.281,0.414,0.305
0.3,0.326,0.374
0.302,0.398,0.3
0.381,0.296,0.324
0.237,0.37,0.392
0.103,0.253,0.644
0.338,0.284,0.378
0.363,0.31,0.327
0.291,0.312,0.397
0.343,0.285,0.372
0.208,0.325,0.467
0.246,0.312,0.443
0.329,0.253,0.418
0.357,0.326,0.317
0.38,0.395,0.225
0.323,0.296,0.382
0.301,0.27,0.429
0.31,0.293,0.397
0.253,0.411,0.336
0.287,0.469,0.243
0.276,0.258,0.466
0.291,0.412,0.296
0.363,0.21,0.427
0.322,0.407,0.271
0.444,0.261,0.295
0.281,0.386,0.333
0.33,0.251,0.419
0.305,0.278,0.417
0.257,0.374,0.369
0.353,0.475,0.172
0.353,0.334,0.312
0.337,0.392,0.271
0.315,0.273,0.412
0.286,0.417,0.297
0.298,0.336,0.366
0.365,0.255,0.38
0.552,0.228,0.219
0.548,0.194,0.258
0.465,0.276,0.259
0.456,0.282,0.262
0.331,0.246,0.423
0.213,0.267,0.52
0.225,0.31,0.465
0.275,0.459,0.265
0.441,0.21,0.35
0.258,0.303,0.438
0.401,0.229,0.37
0.337,0.353,0.309
0.237,0.226,0.537
0.482,0.233,0.285
0.305,0.301,0.393
0.441,0.234,0.325
0.34,0.27,0.39
0.407,0.334,0.259
0.219,0.307,0.474
0.334,0.343,0.323
0.235,0.432,0.333
0.374,0.334,0.292
0.273,0.306,0.421
0.398,0.368,0.233
0.289,0.365,0.346
0.31,0.365,0.325
0.286,0.313,0.402
0.248,0.288,0.464
0.347,0.346,0.307
0.367,0.373,0.26
0.354,0.254,0.393
0.191,0.258,0.551
0.524,0.242,0.234
0.472,0.305,0.224
0.366,0.301,0.333
0.388,0.29,0.323
0.343,0.298,0.359
0.317,0.324,0.359
0.678,0.169,0.153
0.326,0.346,0.328
0.254,0.319,0.427
0.297,0.356,0.346
0.458,0.233,0.309
0.314,0.276,0.411
0.39,0.301,0.31
0.374,0.246,0.38
0.211,0.447,0.342
0.275,0.303,0.422
0.243,0.365,0.392
0.312,0.237,0.45
0.337,0.368,0.295
0.345,0.433,0.222
0.599,0.156,0.245
0.422,0.279,0.299
0.312,0.294,0.395
0.285,0.331,0.383
0.273,0.327,0.4
0.36,0.353,0.287
0.335,0.339,0.327
0.379,0.389,0.233
0.435,0.273,0.292
0.295,0.3,0.406
0.221,0.434,0.345
0.446,0.217,0.338
0.392,0.261,0.347
0.354,0.346,0.301
0.232,0.372,0.396
0.357,0.346,0.297
0.161,0.65,0.189
0.258,0.398,0.345
0.313,0.33,0.357
0.192,0.324,0.485
0.235,0.359,0.406
0.191,0.352,0.457
0.37,0.395,0.235
0.364,0.276,0.36
0.42,0.274,0.306
0.487,0.236,0.277
0.295,0.34,0.365
0.468,0.272,0.26
0.261,0.187,0.552
0.244,0.295,0.461
0.29,0.458,0.252
0.384,0.267,0.349
0.212,0.457,0.331
0.426,0.335,0.24
0.25,0.492,0.257
0.321,0.346,0.333
0.303,0.231,0.466
0.317,0.333,0.35
0.31,0.416,0.274
0.34,0.324,0.336
0.209,0.34,0.451
0.34,0.345,0.316
0.364,0.272,0.365
0.501,0.292,0.207
0.367,0.313,0.32
0.263,0.288,0.449
0.317,0.316,0.367
0.348,0.195,0.458
0.367,0.338,0.295
0.258,0.278,0.465
0.393,0.224,0.382
0.193,0.247,0.56
0.404,0.229,0.366
0.438,0.233,0.329
0.174,0.151,0.675
0.315,0.302,0.383
0.36,0.331,0.309
0.292,0.158,0.55
0.398,0.26,0.342
0.283,0.198,0.519
0.357,0.265,0.379
0.352,0.32,0.328
0.277,0.232,0.491
0.339,0.195,0.467
0.199,0.222,0.578
0.221,0.362,0.417
0.371,0.347,0.281
0.325,0.318,0.357
0.421,0.297,0.282
0.221,0.434,0.345
0.304,0.298,0.398
0.335,0.347,0.319
0.391,0.255,0.355
0.68,0.144,0.176
0.394,0.227,0.38
0.411,0.259,0.33
0.254,0.326,0.42
0.322,0.281,0.397
0.382,0.316,0.302
0.185,0.323,0.492
0.25,0.415,0.335
0.377,0.296,0.327
0.45,0.196,0.354
0.397,0.167,0.436
0.256,0.33,0.414
0.281,0.343,0.376
0.465,0.206,0.329
0.289,0.321,0.39
0.389,0.266,0.346
0.374,0.283,0.343
0.34,0.401,0.259
0.354,0.3,0.345
0.296,0.344,0.36
0.33,0.263,0.407
0.232,0.553,0.215
0.309,0.299,0.392
0.353,0.303,0.344
0.296,0.387,0.316
0.64,0.113,0.247
0.336,0.327,0.337
0.361,0.428,0.211
0.172,0.323,0.505
0.349,0.344,0.307
0.336,0.319,0.345
0.375,0.243,0.382
0.343,0.262,0.395
0.444,0.309,0.247
0.34,0.367,0.293
0.318,0.309,0.373
0.559,0.196,0.246
0.374,0.281,0.345
0.315,0.347,0.338
0.335,0.337,0.327
0.354,0.288,0.358
0.268,0.339,0.393
0.335,0.278,0.387
0.324,0.293,0.383
0.272,0.373,0.355
0.244,0.457,0.299
0.349,0.29,0.361
0.328,0.393,0.278
0.207,0.201,0.592
0.306,0.411,0.283
0.254,0.464,0.282
0.216,0.503,0.281
0.12,0.374,0.507
0.387,0.303,0.31
0.292,0.407,0.302
0.38,0.334,0.287
0.335,0.337,0.328
0.448,0.378,0.173
0.46,0.251,0.289
0.235,0.451,0.314
0.306,0.345,0.348
0.273,0.396,0.331
0.424,0.199,0.377
0.317,0.246,0.437
0.389,0.254,0.357
0.35,0.306,0.343
0.32,0.355,0.325
0.236,0.504,0.26
0.354,0.348,0.298
0.319,0.254,0.427
0.382,0.332,0.286
0.32,0.283,0.397
0.232,0.37,0.398
0.396,0.444,0.16
0.392,0.346,0.262
0.332,0.387,0.281
0.339,0.276,0.385
0.232,0.231,0.537
0.3,0.287,0.413
0.208,0.278,0.514
0.464,0.296,0.24
0.27,0.352,0.378
0.29,0.289,0.421
0.225,0.297,0.477
0.378,0.25,0.372
0.22,0.614,0.166
0.402,0.332,0.266
0.359,0.328,0.313
0.33,0.286,0.384
0.412,0.272,0.316
0.435,0.346,0.219
0.647,0.193,0.16
0.301,0.322,0.378
0.396,0.262,0.342
0.297,0.434,0.27
0.235,0.317,0.448
0.495,0.239,0.266
0.289,0.34,0.371
0.26,0.21,0.53
0.492,0.293,0.215
0.478,0.251,0.27
0.255,0.433,0.312
0.39,0.269,0.342
0.37,0.415,0.215
0.256,0.269,0.474
0.485,0.211,0.304
0.39,0.251,0.359
0.287,0.321,0.392
0.18,0.263,0.557
0.44,0.374,0.186
0.412,0.24,0.348
0.274,0.179,0.547
0.324,0.48,0.196
0.358,0.312,0.33
0.323,0.429,0.248
0.362,0.394,0.245
0.32,0.337,0.344
0.303,0.21,0.486
0.399,0.255,0.345
0.372,0.297,0.331
0.365,0.33,0.305
0.27,0.363,0.367
0.355,0.294,0.351
0.376,0.272,0.352
0.384,0.322,0.294
0.261,0.339,0.4
0.405,0.338,0.257
0.244,0.411,0.344
0.302,0.229,0.47
0.193,0.219,0.588
0.329,0.308,0.363
0.269,0.442,0.289
0.386,0.304,0.31
0.512,0.248,0.239
0.226,0.196,0.579
0.323,0.321,0.356
0.445,0.292,0.263
0.344,0.392,0.265
0.313,0.315,0.372
0.246,0.274,0.48
0.339,0.387,0.274
0.344,0.311,0.344
0.365,0.207,0.428
0.317,0.266,0.416
0.332,0.269,0.399
0.304,0.381,0.315
0.425,0.297,0.277
0.4,0.251,0.35
0.272,0.514,0.215
0.297,0.338,0.364
0.367,0.335,0.298
0.376,0.185,0.439
0.299,0.272,0.429
0.354,0.332,0.314
0.552,0.227,0.221
0.267,0.471,0.262
0.252,0.265,0.483
0.404,0.426,0.17
0.382,0.285,0.332
0.346,0.333,0.321
0.213,0.184,0.603
0.325,0.329,0.346
0.301,0.304,0.395
0.23,0.422,0.348
0.543,0.224,0.233
0.308,0.302,0.39
0.37,0.268,0.363
0.298,0.31,0.392
0.33,0.33,0.34
0.281,0.233,0.486
0.356,0.303,0.34
0.397,0.284,0.319
0.216,0.32,0.464
0.442,0.231,0.327
0.324,0.316,0.36
0.332,0.318,0.349
0.155,0.353,0.492
0.242,0.314,0.444
0.339,0.46,0.201
0.453,0.274,0.273
0.343,0.275,0.381
0.456,0.295,0.249
0.321,0.393,0.286
0.231,0.415,0.355
0.356,0.304,0.34
0.234,0.208,0.558
0.297,0.28,0.423
0.37,0.232,0.397
0.476,0.27,0.254
0.341,0.344,0.315
0.198,0.513,0.289
0.418,0.314,0.268
0.261,0.251,0.488
0.28,0.395,0.325
0.345,0.425,0.23
0.476,0.214,0.31
0.347,0.377,0.276
0.36,0.304,0.336
0.249,0.178,0.573
0.351,0.228,0.421
0.462,0.241,0.297
0.31,0.328,0.361
0.389,0.316,0.295
0.286,0.381,0.333
0.284,0.326,0.39
0.469,0.297,0.234
0.27,0.328,0.402
0.214,0.377,0.409
0.363,0.272,0.364
0.364,0.263,0.373
0.33,0.414,0.256
0.439,0.228,0.333
0.227,0.445,0.328
0.293,0.35,0.358
0.296,0.261,0.443
0.208,0.385,0.407
0.387,0.245,0.369
0.304,0.277,0.418
0.278,0.251,0.471
0.223,0.235,0.542
0.319,0.282,0.399
0.359,0.335,0.306
0.304,0.396,0.3
0.326,0.355,0.319
0.318,0.381,0.301
0.242,0.47,0.288
0.468,0.298,0.233
0.302,0.128,0.57
0.344,0.339,0.317
0.43,0.252,0.318
0.331,0.238,0.431
0.295,0.468,0.237
0.286,0.253,0.46
0.205,0.352,0.444
0.302,0.374,0.324
0.264,0.19,0.547
0.335,0.396,0.269
0.241,0.453,0.306
0.38,0.264,0.357
0.381,0.326,0.294
0.299,0.287,0.414
0.294,0.266,0.439
0.314,0.385,0.301
0.099,0.666,0.235
0.227,0.322,0.451
0.42,0.275,0.306
0.283,0.423,0.294
0.254,0.375,0.37
0.477,0.253,0.27
0.285,0.43,0.285
0.321,0.449,0.23
0.358,0.332,0.31
0.277,0.454,0.27
0.163,0.55,0.286
0.302,0.338,0.36
0.368,0.261,0.371
0.317,0.412,0.271
0.323,0.362,0.314
0.425,0.298,0.278
0.358,0.329,0.312
0.282,0.301,0.417
0.272,0.36,0.368
0.282,0.516,0.201
0.344,0.277,0.379
0.291,0.497,0.212
0.471,0.269,0.26
0.532,0.292,0.175
0.256,0.349,0.395
0.314,0.358,0.328
0.35,0.335,0.315
0.32,0.293,0.386
0.324,0.27,0.406
0.286,0.412,0.303
0.196,0.193,0.611
0.292,0.36,0.348
0.308,0.243,0.449
0.294,0.31,0.396
0.437,0.192,0.372
0.291,0.525,0.184
0.359,0.283,0.358
0.305,0.342,0.354
0.22,0.519,0.261
0.272,0.461,0.268
0.431,0.269,0.299
0.499,0.204,0.297
0.152,0.294,0.554
0.339,0.478,0.183
0.225,0.361,0.413
0.29,0.221,0.489
0.363,0.305,0.332
0.485,0.298,0.217
0.43,0.308,0.262
0.436,0.242,0.322
0.269,0.41,0.321
0.381,0.349,0.27
0.249,0.476,0.275
0.256,0.205,0.539
0.28,0.235,0.485
0.489,0.248,0.262
0.343,0.325,0.332
0.293,0.381,0.326
0.31,0.31,0.38
0.38,0.298,0.322
0.28,0.293,0.427
0.256,0.163,0.581
0.301,0.382,0.317
0.338,0.381,0.281
0.297,0.317,0.386
0.609,0.257,0.134
0.571,0.225,0.204
0.33,0.248,0.422
0.459,0.268,0.273
0.272,0.316,0.412
0.362,0.424,0.213
0.276,0.293,0.431
0.247,0.327,0.426
0.188,0.202,0.61
0.269,0.333,0.398
0.26,0.198,0.543
0.304,0.243,0.454
0.406,0.212,0.382
0.237,0.533,0.23
0.341,0.374,0.285
0.338,0.305,0.358
0.213,0.424,0.363
0.243,0.182,0.575
0.244,0.274,0.483
0.411,0.361,0.228
0.411,0.305,0.284
0.473,0.3,0.227
0.327,0.443,0.23
0.239,0.531,0.23
0.323,0.382,0.295
0.328,0.308,0.364
0.219,0.31,0.471
0.217,0.423,0.361
0.339,0.348,0.313
0.33,0.29,0.38
0.311,0.338,0.351
0.489,0.281,0.23
0.39,0.224,0.386
0.328,0.327,0.345
0.558,0.241,0.201
0.22,0.529,0.251
0.289,0.341,0.37
0.399,0.308,0.293
0.354,0.232,0.415
0.37,0.332,0.298
0.315,0.351,0.333
0.277,0.262,0.462
0.256,0.215,0.529
0.339,0.32,0.341
0.322,0.385,0.293
0.375,0.264,0.361
0.361,0.268,0.371
0.431,0.307,0.262
0.334,0.186,0.48
0.379,0.382,0.239
0.431,0.304,0.265
0.338,0.345,0.317
0.467,0.26,0.272
0.282,0.36,0.358
0.294,0.318,0.388
0.252,0.552,0.196
0.476,0.259,0.265
0.284,0.343,0.373
0.373,0.332,0.295
0.286,0.287,0.427
0.459,0.318,0.222
0.264,0.309,0.426
0.445,0.217,0.338
0.295,0.329,0.376
0.34,0.406,0.254
0.414,0.302,0.284
0.399,0.267,0.334
0.32,0.29,0.39
0.407,0.311,0.282
0.332,0.36,0.308
0.282,0.269,0.449
0.297,0.35,0.353
0.257,0.421,0.322
0.397,0.253,0.35
0.326,0.285,0.39
0.419,0.318,0.263
0.238,0.236,0.526
0.256,0.321,0.422
0.15,0.154,0.697
0.322,0.362,0.316
0.372,0.25,0.378
0.472,0.226,0.303
0.266,0.238,0.496
0.4,0.315,0.285
0.298,0.238,0.464
0.442,0.304,0.254
0.389,0.252,0.359
0.36,0.18,0.46
0.264,0.263,0.473
0.378,0.266,0.356
0.3,0.313,0.388
0.345,0.272,0.384
0.265,0.425,0.311
0.429,0.276,0.295
0.367,0.304,0.329
0.396,0.289,0.314
0.213,0.427,0.359
0.29,0.424,0.286
0.368,0.297,0.334
0.265,0.392,0.343
0.321,0.375,0.304
0.268,0.244,0.488
0.335,0.342,0.323
0.244,0.259,0.498
0.186,0.565,0.249
0.375,0.26,0.365
0.285,0.116,0.599
0.261,0.243,0.496
0.226,0.327,0.446
0.254,0.278,0.467
0.405,0.303,0.292
0.372,0.252,0.375
0.37,0.219,0.411
0.266,0.316,0.419
0.247,0.366,0.387
0.385,0.318,0.296
0.372,0.283,0.345
0.246,0.432,0.322
0.29,0.263,0.447
0.26,0.256,0.484
0.204,0.526,0.27
0.324,0.269,0.407
0.351,0.368,0.281
0.44,0.263,0.298
0.276,0.29,0.434
0.356,0.304,0.34
0.371,0.297,0.333
0.224,0.507,0.269
0.366,0.199,0.435
0.405,0.34,0.256
0.37,0.334,0.295
0.322,0.163,0.514
0.199,0.568,0.233
0.519,0.273,0.207
0.226,0.238,0.536
0.468,0.282,0.25
0.319,0.274,0.407
0.355,0.175,0.47
0.437,0.261,0.303
0.382,0.25,0.368
0.263,0.42,0.317
0.299,0.388,0.313
0.296,0.325,0.379
0.23,0.203,0.567
0.56,0.229,0.21
0.394,0.299,0.307
0.299,0.178,0.524
0.246,0.337,0.418
0.39,0.295,0.315
0.374,0.289,0.337
0.298,0.423,0.278
0.381,0.288,0.332
0.385,0.388,0.227
0.299,0.321,0.38
0.404,0.306,0.291
0.33,0.277,0.392
0.32,0.299,0.381
0.232,0.377,0.391
0.392,0.355,0.253
0.26,0.301,0.439
0.442,0.257,0.3
0.297,0.272,0.431
0.244,0.361,0.395
0.37,0.265,0.365
0.483,0.249,0.268
0.309,0.366,0.325
0.352,0.28,0.368
0.332,0.284,0.384
0.342,0.267,0.391
0.36,0.264,0.376
0.268,0.247,0.485
0.232,0.564,0.204
0.506,0.296,0.198
0.296,0.349,0.355
0.33,0.242,0.427
0.33,0.235,0.435
0.221,0.534,0.245
0.442,0.32,0.238
0.248,0.255,0.496
0.36,0.34,0.3
0.314,0.356,0.331
0.257,0.339,0.404
0.452,0.26,0.288
0.296,0.34,0.364
0.379,0.344,0.277
0.407,0.313,0.28
0.368,0.33,0.302
0.536,0.209,0.255
0.163,0.574,0.263
0.36,0.396,0.244
0.34,0.1,0.56
0.335,0.273,0.392
0.316,0.251,0.433
0.293,0.38,0.328
0.383,0.359,0.258
0.539,0.215,0.246
0.398,0.352,0.25
0.197,0.311,0.492
0.347,0.277,0.376
0.171,0.152,0.677
0.316,0.295,0.388
0.192,0.245,0.563
0.317,0.406,0.276
0.381,0.229,0.39
0.466,0.259,0.275
0.457,0.107,0.436
0.377,0.32,0.304
0.236,0.3,0.464
0.359,0.395,0.246
0.326,0.25,0.424
0.339,0.264,0.397
0.548,0.273,0.18
0.306,0.359,0.335
0.431,0.311,0.258
0.345,0.312,0.343
0.298,0.327,0.375
0.305,0.389,0.306
0.382,0.261,0.357
0.245,0.405,0.35
0.257,0.452,0.292
0.215,0.35,0.435
0.455,0.277,0.268
0.232,0.361,0.407
0.306,0.383,0.311
0.373,0.267,0.361
0.28,0.331,0.388
0.354,0.331,0.315
0.339,0.301,0.361
0.279,0.362,0.359
0.526,0.21,0.264
0.335,0.394,0.27
0.57,0.239,0.191
0.311,0.26,0.429
0.261,0.224,0.514
0.358,0.361,0.28
0.298,0.286,0.417
0.129,0.542,0.33
0.296,0.324,0.379
0.245,0.539,0.216
0.434,0.323,0.243
0.368,0.303,0.329
0.354,0.319,0.327
0.341,0.338,0.321
0.304,0.381,0.315
0.204,0.291,0.505
0.292,0.307,0.401
0.378,0.298,0.324
0.374,0.34,0.286
0.506,0.22,0.274
0.336,0.269,0.395
0.354,0.223,0.423
0.374,0.243,0.383
0.285,0.259,0.456
0.203,0.431,0.366
0.198,0.27,0.532
0.46,0.146,0.394
0.604,0.229,0.167
0.258,0.501,0.24
0.264,0.314,0.422
0.288,0.295,0.417
0.374,0.282,0.343
0.268,0.433,0.299
0.294,0.276,0.43
0.424,0.299,0.277
0.236,0.519,0.245
0.271,0.346,0.383
0.292,0.291,0.416
0.237,0.386,0.377
0.296,0.307,0.397
0.299,0.361,0.34
0.355,0.325,0.321
0.315,0.305,0.381
0.291,0.167,0.542
0.394,0.483,0.123
0.264,0.265,0.471
0.29,0.256,0.454
0.363,0.308,0.329
0.27,0.471,0.259
0.363,0.326,0.311
0.327,0.333,0.341
0.257,0.367,0.376
0.457,0.307,0.236
0.338,0.408,0.254
0.283,0.286,0.431
0.3,0.085,0.615
0.464,0.197,0.339
0.411,0.25,0.339
0.463,0.248,0.289
0.3,0.342,0.358
0.352,0.248,0.4
0.309,0.412,0.279
0.31,0.36,0.33
0.286,0.379,0.335
0.293,0.349,0.358
0.307,0.335,0.358
0.182,0.581,0.237
0.18,0.441,0.38
0.41,0.398,0.192
0.302,0.29,0.408
0.451,0.303,0.245
0.322,0.33,0.348
0.338,0.321,0.342
0.377,0.312,0.311
0.35,0.186,0.463
0.476,0.194,0.331
0.284,0.193,0.523
0.32,0.394,0.286
0.334,0.369,0.296
0.253,0.322,0.425
0.447,0.143,0.41
0.405,0.35,0.245
0.317,0.346,0.337
0.552,0.23,0.218
0.236,0.293,0.47
0.3,0.383,0.318
0.272,0.379,0.349
0.343,0.23,0.426
0.32,0.352,0.328
0.345,0.194,0.461
0.322,0.349,0.329
0.402,0.36,0.239
0.373,0.306,0.321
0.299,0.403,0.298
0.271,0.422,0.307
0.259,0.162,0.579
0.254,0.286,0.46
0.54,0.227,0.233
0.322,0.336,0.342
0.275,0.323,0.401
0.252,0.309,0.439
0.26,0.52,0.22
0.38,0.335,0.285
0.241,0.412,0.348
0.254,0.41,0.337
0.421,0.283,0.296
0.391,0.331,0.278
0.296,0.251,0.452
0.332,0.279,0.389
0.361,0.293,0.346
0.397,0.321,0.281
0.27,0.372,0.358
0.301,0.232,0.467
0.369,0.297,0.334
0.352,0.315,0.334
0.431,0.235,0.333
0.286,0.343,0.371
0.404,0.294,0.302
0.332,0.202,0.466
0.384,0.282,0.334
0.344,0.25,0.406
0.327,0.343,0.33
0.306,0.253,0.441
0.184,0.176,0.64
0.259,0.377,0.364
0.331,0.345,0.324
0.558,0.142,0.3
0.363,0.336,0.301
0.295,0.554,0.151
0.317,0.466,0.217
0.22,0.301,0.479
0.488,0.173,0.339
0.39,0.278,0.332
0.435,0.378,0.187
0.29,0.23,0.48
0.209,0.337,0.453
0.284,0.327,0.389
0.336,0.4,0.264
0.212,0.278,0.51
0.421,0.282,0.297
0.26,0.246,0.494
0.483,0.251,0.266
0.257,0.451,0.293
0.307,0.263,0.43
0.23,0.272,0.498
0.226,0.5,0.274
0.335,0.285,0.38
0.451,0.225,0.324
0.347,0.296,0.357
0.285,0.412,0.304
0.482,0.234,0.284
0.259,0.335,0.405
0.23,0.526,0.244
0.103,0.18,0.717
0.151,0.388,0.462
0.323,0.286,0.391
0.31,0.357,0.333
0.273,0.329,0.397
0.2,0.203,0.597
0.232,0.238,0.53
0.313,0.334,0.354
0.26,0.28,0.46
0.151,0.526,0.323
0.321,0.425,0.253
0.484,0.121,0.395
0.22,0.442,0.338
0.278,0.335,0.387
0.308,0.228,0.465
0.371,0.333,0.296
0.464,0.285,0.251
0.25,0.463,0.287
0.398,0.229,0.372
0.243,0.268,0.489
0.234,0.399,0.366
0.518,0.234,0.248
0.345,0.354,0.3
0.227,0.247,0.526
0.314,0.347,0.338
0.303,0.244,0.453
0.408,0.286,0.306
0.324,0.374,0.302
0.653,0.205,0.142
0.334,0.324,0.342
0.398,0.271,0.33
0.184,0.351,0.465
0.381,0.307,0.311
0.456,0.238,0.306
0.32,0.375,0.305
0.369,0.338,0.293
0.441,0.211,0.349
0.292,0.359,0.349
0.43,0.107,0.463
0.153,0.173,0.674
0.316,0.283,0.4
0.297,0.288,0.415
0.48,0.292,0.227
0.4,0.324,0.276
0.18,0.217,0.603
0.467,0.312,0.22
0.373,0.29,0.337
0.384,0.189,0.427
0.306,0.277,0.417
0.277,0.352,0.372
0.225,0.448,0.327
0.346,0.305,0.35
0.211,0.374,0.415
0.315,0.368,0.317
0.327,0.334,0.339
0.294,0.409,0.296
0.255,0.163,0.582
0.3,0.434,0.266
0.268,0.266,0.466
0.546,0.201,0.253
0.277,0.257,0.466
0.416,0.269,0.316
0.314,0.456,0.23
0.26,0.553,0.187
0.425,0.172,0.403
0.373,0.405,0.222
0.374,0.293,0.333
0.321,0.331,0.349
0.335,0.437,0.227
0.337,0.345,0.318
0.289,0.425,0.286
0.334,0.341,0.325
0.413,0.301,0.285
0.472,0.246,0.282
0.32,0.301,0.379
0.341,0.256,0.403
0.282,0.187,0.532
0.306,0.26,0.434
0.338,0.253,0.409
0.372,0.322,0.306
0.396,0.407,0.198
0.284,0.438,0.278
0.35,0.254,0.395
0.545,0.217,0.238
0.348,0.321,0.332
0.324,0.311,0.365
0.314,0.281,0.405
0.409,0.243,0.348
0.31,0.219,0.471
0.336,0.297,0.367
0.352,0.34,0.308
0.377,0.253,0.37
0.25,0.518,0.232
0.338,0.243,0.419
0.233,0.444,0.323
0.363,0.295,0.342
0.303,0.31,0.387
0.406,0.381,0.212
0.407,0.325,0.268
0.376,0.333,0.291
0.34,0.333,0.327
0.31,0.345,0.346
0.259,0.299,0.442
0.311,0.253,0.436
0.312,0.341,0.347
0.272,0.416,0.312
0.287,0.317,0.396
0.32,0.298,0.383
0.284,0.3,0.416
0.538,0.203,0.259
0.402,0.29,0.308
0.386,0.313,0.302
0.317,0.445,0.238
0.269,0.286,0.445
0.304,0.303,0.393
0.476,0.254,0.27
0.284,0.367,0.35
0.286,0.268,0.447
0.35,0.348,0.302
0.328,0.31,0.362
0.457,0.247,0.296
0.403,0.291,0.306
0.239,0.269,0.492
0.201,0.349,0.451
0.248,0.416,0.336
0.4,0.264,0.336
0.297,0.25,0.453
0.347,0.352,0.301
0.354,0.294,0.352
0.254,0.32,0.426
0.331,0.237,0.432
0.312,0.44,0.249
0.346,0.278,0.376
0.062,0.718,0.22
0.429,0.226,0.345
0.394,0.351,0.255
0.524,0.239,0.237
0.118,0.114,0.769
0.377,0.243,0.38
0.301,0.274,0.425
0.394,0.289,0.317
0.273,0.373,0.354
0.48,0.201,0.319
0.264,0.294,0.442
0.283,0.237,0.479
0.279,0.318,0.403
0.336,0.298,0.367
0.552,0.241,0.207
0.367,0.266,0.367
0.252,0.255,0.493
0.35,0.297,0.354
0.323,0.395,0.283
0.261,0.231,0.508
0.27,0.4,0.33
0.373,0.311,0.316
0.308,0.373,0.319
0.31,0.468,0.222
0.361,0.347,0.292
0.336,0.333,0.331
0.291,0.426,0.283
0.211,0.497,0.292
0.298,0.239,0.463
0.464,0.299,0.236
0.35,0.347,0.304
0.348,0.364,0.288
0.292,0.441,0.267
0.378,0.386,0.236
0.405,0.208,0.387
0.364,0.272,0.364
0.279,0.359,0.362
0.348,0.363,0.289
0.251,0.454,0.295
0.228,0.248,0.524
0.29,0.25,0.46
0.296,0.341,0.363
0.467,0.236,0.297
0.341,0.453,0.206
0.269,0.35,0.381
0.25,0.23,0.52
0.319,0.309,0.372
0.307,0.354,0.34
0.468,0.304,0.228
0.317,0.361,0.322
0.271,0.417,0.312
0.299,0.354,0.347
0.314,0.339,0.348
0.216,0.292,0.492
0.476,0.233,0.291
0.338,0.316,0.347
0.318,0.334,0.349
0.313,0.306,0.381
0.287,0.441,0.272
0.398,0.292,0.309
0.366,0.29,0.344
0.336,0.308,0.355
0.52,0.283,0.197
0.367,0.306,0.327
0.326,0.33,0.344
0.373,0.347,0.28
0.326,0.373,0.3
0.378,0.254,0.368
0.324,0.355,0.32
0.162,0.16,0.678
0.316,0.298,0.386
0.332,0.271,0.397
0.388,0.353,0.259
0.245,0.261,0.494
0.382,0.322,0.296
0.287,0.362,0.352
0.29,0.394,0.316
0.3,0.374,0.327
0.324,0.344,0.332
0.293,0.392,0.315
0.3,0.375,0.326
0.375,0.254,0.371
0.372,0.3,0.328
0.334,0.292,0.374
0.32,0.35,0.331
0.28,0.281,0.439
0.24,0.358,0.402
0.322,0.34,0.338
0.162,0.648,0.19
0.295,0.284,0.421
0.263,0.265,0.472
0.344,0.281,0.376
0.355,0.316,0.329
0.237,0.235,0.528
0.289,0.371,0.34
0.271,0.376,0.353
0.369,0.324,0.307
0.211,0.351,0.438
0.419,0.301,0.28
0.31,0.376,0.314
0.413,0.313,0.274
0.347,0.327,0.325
0.249,0.462,0.289
0.338,0.429,0.233
0.216,0.306,0.478
0.298,0.354,0.348
0.434,0.289,0.277
0.249,0.283,0.468
0.302,0.417,0.281
0.251,0.359,0.391
0.479,0.253,0.268
0.339,0.317,0.344
0.256,0.385,0.358
0.294,0.374,0.332
0.414,0.238,0.348
0.337,0.35,0.312
0.292,0.228,0.481
0.458,0.282,0.26
0.417,0.246,0.337
0.301,0.339,0.359
0.259,0.363,0.378
0.214,0.564,0.222
0.368,0.276,0.356
0.256,0.437,0.307
0.404,0.37,0.227
0.322,0.384,0.294
0.323,0.302,0.375
0.447,0.278,0.275
0.441,0.165,0.394
0.379,0.294,0.326
0.215,0.246,0.539
0.286,0.376,0.338
0.341,0.319,0.34
0.394,0.279,0.328
0.265,0.279,0.456
0.306,0.387,0.307
0.471,0.249,0.279
0.305,0.308,0.387
0.275,0.37,0.355
0.236,0.493,0.272
0.221,0.315,0.464
0.435,0.176,0.388
0.339,0.416,0.245
0.416,0.337,0.247
0.27,0.33,0.4
0.288,0.355,0.357
0.302,0.326,0.372
0.436,0.294,0.269
0.274,0.272,0.454
0.353,0.298,0.349
0.348,0.301,0.351
0.247,0.464,0.29
0.339,0.301,0.36
0.365,0.254,0.38
0.304,0.302,0.394
0.308,0.336,0.356
0.314,0.381,0.305
0.365,0.36,0.275
0.645,0.189,0.166
0.486,0.337,0.177
0.24,0.286,0.474
0.438,0.263,0.299
0.247,0.315,0.437
0.215,0.537,0.248
0.293,0.274,0.433
0.353,0.313,0.334
0.34,0.3,0.361
0.329,0.281,0.39
0.248,0.147,0.605
0.164,0.282,0.554
0.334,0.316,0.35
0.371,0.246,0.382
0.163,0.366,0.471
0.275,0.281,0.444
0.192,0.518,0.29
0.339,0.346,0.315
0.246,0.408,0.345
0.307,0.517,0.176
0.135,0.386,0.479
0.432,0.288,0.281
0.52,0.204,0.277
0.362,0.265,0.373
0.305,0.307,0.388
0.306,0.308,0.387
0.225,0.269,0.506
0.559,0.172,0.27
0.256,0.272,0.472
0.315,0.319,0.366
0.394,0.261,0.345
0.386,0.268,0.347
0.446,0.265,0.29
0.241,0.323,0.436
0.291,0.189,0.521
0.321,0.236,0.443
0.279,0.258,0.462
0.325,0.347,0.328
0.303,0.434,0.263
0.266,0.317,0.418
0.317,0.395,0.287
0.46,0.262,0.278
0.316,0.283,0.401
0.312,0.393,0.295
0.236,0.502,0.262
0.204,0.448,0.348
0.291,0.429,0.281
0.241,0.321,0.437
0.276,0.178,0.546
0.404,0.245,0.351
0.21,0.345,0.445
0.362,0.284,0.355
0.265,0.261,0.474
0.339,0.254,0.407
0.334,0.217,0.449
0.364,0.305,0.331
0.309,0.338,0.353
0.447,0.22,0.334
0.428,0.287,0.285
0.148,0.266,0.586
0.291,0.285,0.424
0.358,0.31,0.332
0.432,0.223,0.345
0.217,0.45,0.333
0.249,0.223,0.529
0.272,0.411,0.317
0.333,0.369,0.297
0.366,0.308,0.327
0.327,0.298,0.376
0.325,0.313,0.362
0.343,0.339,0.319
0.306,0.365,0.328
0.347,0.36,0.293
0.152,0.378,0.47
0.64,0.125,0.235
0.225,0.509,0.266
0.313,0.265,0.422
0.266,0.478,0.257
0.233,0.491,0.276
0.264,0.418,0.319
0.238,0.333,0.429
0.233,0.557,0.21
0.392,0.29,0.318
0.323,0.373,0.304
0.378,0.243,0.379
0.387,0.291,0.322
0.385,0.331,0.284
0.272,0.463,0.265
0.331,0.295,0.374
0.343,0.389,0.269
0.355,0.306,0.34
0.217,0.44,0.344
0.256,0.263,0.481
0.317,0.268,0.415
0.618,0.181,0.201
0.242,0.318,0.44
0.231,0.396,0.372
0.472,0.268,0.26
0.272,0.436,0.291
0.304,0.424,0.272
0.227,0.367,0.406
0.406,0.42,0.174
0.343,0.259,0.398
0.351,0.323,0.326
0.364,0.24,0.396
0.504,0.262,0.234
0.308,0.3,0.392
0.253,0.112,0.635
0.355,0.277,0.368
0.331,0.408,0.261
0.298,0.373,0.329
0.318,0.293,0.389
0.434,0.28,0.286
0.275,0.391,0.334
0.445,0.28,0.275
0.288,0.458,0.254
0.311,0.26,0.429
0.195,0.365,0.441
0.249,0.19,0.562
0.326,0.277,0.397
0.365,0.363,0.271
0.326,0.357,0.317
0.358,0.29,0.353
0.431,0.264,0.305
0.308,0.355,0.337
0.272,0.385,0.343
0.355,0.276,0.368
0.258,0.391,0.351
0.316,0.328,0.356
0.347,0.326,0.327
0.192,0.454,0.354
0.383,0.312,0.304
0.358,0.294,0.348
0.296,0.371,0.334
0.268,0.288,0.445
0.333,0.397,0.269
0.284,0.504,0.212
0.315,0.353,0.332
0.487,0.248,0.265
0.195,0.227,0.578
0.267,0.258,0.475
0.28,0.38,0.34
0.338,0.236,0.426
0.191,0.486,0.324
0.326,0.308,0.366
0.371,0.4,0.229
0.374,0.32,0.306
0.256,0.33,0.414
0.395,0.234,0.371
0.229,0.2,0.571
0.22,0.289,0.49
0.284,0.431,0.285
0.254,0.447,0.3
0.341,0.347,0.312
0.359,0.291,0.35
0.407,0.174,0.419
0.396,0.382,0.222
0.311,0.297,0.392
0.333,0.325,0.342
0.354,0.298,0.348
0.344,0.279,0.377
0.255,0.351,0.394
0.338,0.325,0.336
0.299,0.459,0.243
0.384,0.314,0.302
0.43,0.252,0.318
0.294,0.329,0.378
0.318,0.273,0.41
0.226,0.235,0.539
0.264,0.389,0.347
0.447,0.317,0.236
0.32,0.306,0.374
0.248,0.348,0.404
0.37,0.326,0.304
0.279,0.357,0.363
0.278,0.199,0.523
0.314,0.3,0.386
0.271,0.3,0.428
0.371,0.285,0.345
0.3,0.338,0.362
0.308,0.376,0.316
0.345,0.243,0.412
0.406,0.254,0.34
0.357,0.257,0.386
0.322,0.437,0.24
0.262,0.378,0.36
0.376,0.338,0.286
0.336,0.322,0.342
0.255,0.489,0.256
0.392,0.265,0.344
0.343,0.337,0.32
0.366,0.332,0.302
0.377,0.311,0.313
0.326,0.384,0.29
0.37,0.395,0.235
0.223,0.342,0.436
0.254,0.406,0.34
0.444,0.269,0.286
0.281,0.193,0.526
0.32,0.376,0.304
0.281,0.21,0.509
0.29,0.256,0.454
0.341,0.279,0.38
0.311,0.317,0.372
0.303,0.314,0.382
0.31,0.419,0.271
0.334,0.278,0.388
0.23,0.525,0.244
0.298,0.362,0.341
0.258,0.298,0.443
0.364,0.163,0.472
0.425,0.325,0.25
0.214,0.273,0.514
0.214,0.287,0.498
0.551,0.199,0.25
0.298,0.453,0.249
0.29,0.295,0.415
0.446,0.233,0.321
0.436,0.26,0.304
0.361,0.348,0.29
0.227,0.329,0.444
0.301,0.387,0.312
0.282,0.274,0.444
0.498,0.245,0.257
0.272,0.475,0.253
0.356,0.323,0.321
0.321,0.255,0.423
0.355,0.321,0.324
0.197,0.255,0.548
0.268,0.339,0.394
0.281,0.479,0.24
0.378,0.254,0.368
0.207,0.439,0.354
0.444,0.236,0.32
0.286,0.218,0.496
0.323,0.273,0.404
0.242,0.308,0.449
0.272,0.298,0.43
0.062,0.172,0.766
0.349,0.327,0.324
0.254,0.377,0.369
0.328,0.315,0.358
0.325,0.418,0.257
0.304,0.255,0.441
0.244,0.332,0.424
0.635,0.192,0.173
0.251,0.464,0.285
0.344,0.297,0.359
0.248,0.279,0.473
0.325,0.267,0.408
0.318,0.319,0.363
0.438,0.295,0.267
0.308,0.237,0.455
0.334,0.312,0.353
0.522,0.262,0.216
0.343,0.274,0.382
0.297,0.269,0.434
0.225,0.215,0.56
0.196,0.463,0.341
0.19,0.237,0.573
0.384,0.301,0.315
0.317,0.329,0.354
0.268,0.264,0.468
0.346,0.343,0.311
0.378,0.395,0.227
0.276,0.208,0.516
0.241,0.526,0.234
0.461,0.302,0.237
0.215,0.263,0.522
0.258,0.314,0.427
0.307,0.325,0.368
0.255,0.311,0.435
0.294,0.369,0.337
0.348,0.259,0.393
0.254,0.321,0.425
0.334,0.314,0.352
0.287,0.293,0.419
0.327,0.201,0.472
0.214,0.23,0.556
0.472,0.25,0.278
0.249,0.295,0.456
0.303,0.387,0.31
0.318,0.231,0.451
0.351,0.108,0.541
0.363,0.263,0.374
0.36,0.404,0.236
0.381,0.134,0.485
0.368,0.347,0.286
0.294,0.277,0.429
0.358,0.263,0.379
0.302,0.395,0.303
0.185,0.214,0.602
0.326,0.292,0.381
0.362,0.322,0.316
0.241,0.416,0.343
0.38,0.297,0.323
0.364,0.27,0.366
0.325,0.328,0.347
0.426,0.29,0.284
0.388,0.385,0.227
0.312,0.297,0.391
0.286,0.378,0.336
0.353,0.201,0.446
0.205,0.254,0.541
0.393,0.148,0.459
0.431,0.28,0.289
0.349,0.33,0.321
0.589,0.224,0.187
0.414,0.297,0.289
0.336,0.363,0.301
0.308,0.259,0.434
0.477,0.299,0.224
0.492,0.253,0.255
0.474,0.196,0.33
0.275,0.432,0.293
0.416,0.302,0.282
0.305,0.338,0.357
0.351,0.238,0.412
0.283,0.397,0.32
0.452,0.238,0.31
0.249,0.393,0.358
0.346,0.306,0.348
0.322,0.367,0.311
0.28,0.27,0.45
0.417,0.269,0.313
0.329,0.278,0.393
0.304,0.299,0.396
0.409,0.091,0.5
0.464,0.292,0.244
0.257,0.301,0.442
0.129,0.083,0.788
0.578,0.276,0.146
0.382,0.496,0.122
0.346,0.155,0.499
0.454,0.096,0.45
0.366,0.325,0.309
0.429,0.303,0.269
0.514,0.242,0.244
0.389,0.348,0.263
0.414,0.237,0.349
0.232,0.422,0.347
0.342,0.327,0.332
0.149,0.22,0.63
0.368,0.261,0.372
0.361,0.316,0.323
0.368,0.454,0.177
0.568,0.231,0.2
0.303,0.325,0.372
0.314,0.276,0.41
0.407,0.287,0.306
0.327,0.37,0.303
0.53,0.236,0.235
0.24,0.301,0.459
0.247,0.207,0.546
0.312,0.314,0.374
0.346,0.323,0.332
0.369,0.248,0.383
0.259,0.454,0.287
0.29,0.33,0.38
0.346,0.423,0.231
0.303,0.378,0.32
0.345,0.437,0.217
0.174,0.567,0.259
0.253,0.476,0.271
0.305,0.421,0.274
0.344,0.276,0.38
0.258,0.343,0.398
0.466,0.341,0.193
0.434,0.342,0.224
0.377,0.326,0.297
0.474,0.216,0.309
0.492,0.289,0.219
0.36,0.325,0.315
0.354,0.318,0.329
0.344,0.309,0.347
0.428,0.252,0.32
0.358,0.277,0.365
0.244,0.437,0.319
0.296,0.369,0.336
0.351,0.21,0.439
0.301,0.414,0.285
0.264,0.23,0.506
0.279,0.362,0.358
0.244,0.316,0.44
0.326,0.434,0.24
0.387,0.245,0.369
0.356,0.297,0.347
0.367,0.305,0.328
0.289,0.312,0.399
0.342,0.317,0.341
0.211,0.468,0.321
0.348,0.359,0.292
0.328,0.306,0.366
0.325,0.201,0.474
0.288,0.421,0.291
0.42,0.216,0.364
0.241,0.355,0.404
0.31,0.3,0.39
0.332,0.36,0.308
0.334,0.38,0.286
0.389,0.277,0.334
0.523,0.275,0.202
0.293,0.314,0.394
0.392,0.293,0.315
0.396,0.322,0.282
0.399,0.366,0.235
0.33,0.252,0.417
0.282,0.326,0.392
0.258,0.376,0.366
0.257,0.375,0.368
0.232,0.295,0.472
0.383,0.302,0.315
0.415,0.278,0.307
0.355,0.396,0.249
0.325,0.355,0.32
0.334,0.367,0.299
0.352,0.289,0.359
0.175,0.301,0.524
0.609,0.164,0.227
0.381,0.303,0.316
0.31,0.282,0.407
0.274,0.261,0.465
0.376,0.306,0.318
0.171,0.293,0.536
0.311,0.302,0.386
0.188,0.443,0.369
0.296,0.228,0.477
0.327,0.3,0.372
0.27,0.374,0.356
0.295,0.436,0.269
0.316,0.341,0.343
0.366,0.328,0.306
0.36,0.376,0.264
0.326,0.298,0.376
0.33,0.31,0.36
0.384,0.329,0.287
0.535,0.246,0.218
0.303,0.306,0.39
0.275,0.457,0.268
0.331,0.356,0.312
0.374,0.325,0.301
0.417,0.288,0.294
0.333,0.365,0.301
0.424,0.344,0.231
0.385,0.334,0.281
0.307,0.305,0.388
0.233,0.208,0.559
0.281,0.437,0.282
0.277,0.09,0.633
0.41,0.324,0.265
0.246,0.398,0.356
0.322,0.343,0.334
0.284,0.603,0.113
0.266,0.401,0.334
0.277,0.22,0.504
0.231,0.352,0.417
0.385,0.309,0.306
0.354,0.325,0.321
0.229,0.244,0.527
0.36,0.26,0.38
0.311,0.222,0.466
0.364,0.29,0.345
0.361,0.3,0.338
0.28,0.213,0.507
0.295,0.329,0.375
0.269,0.34,0.391
0.209,0.211,0.58
0.294,0.313,0.393
0.367,0.278,0.356
0.287,0.262,0.45
0.3,0.299,0.401
0.343,0.296,0.36
0.368,0.239,0.394
0.388,0.317,0.295
0.375,0.322,0.303
0.303,0.215,0.482
0.239,0.28,0.481
0.309,0.236,0.455
0.256,0.262,0.483
0.388,0.264,0.347
0.236,0.27,0.494
0.318,0.286,0.396
0.28,0.381,0.339
0.303,0.392,0.305
0.219,0.442,0.339
0.548,0.274,0.178
0.478,0.255,0.267
0.293,0.366,0.342
0.346,0.257,0.397
0.408,0.276,0.317
0.344,0.385,0.271
0.604,0.249,0.147
0.25,0.371,0.378
0.485,0.163,0.352
0.186,0.181,0.633
0.155,0.393,0.452
0.23,0.469,0.301
0.251,0.329,0.42
0.281,0.379,0.34
0.495,0.306,0.199
0.239,0.382,0.379
0.311,0.341,0.348
0.263,0.279,0.458
0.341,0.342,0.317
0.351,0.346,0.303
0.339,0.318,0.343
0.31,0.361,0.329
0.236,0.305,0.459
0.391,0.319,0.289
0.356,0.313,0.33
0.211,0.328,0.461
0.321,0.306,0.373
0.367,0.336,0.297
0.242,0.276,0.482
0.257,0.328,0.415
0.366,0.257,0.377
0.171,0.15,0.679
0.48,0.222,0.298
0.261,0.323,0.416
0.4,0.39,0.21
0.425,0.2,0.375
0.453,0.304,0.242
0.345,0.26,0.395
0.416,0.225,0.359
0.276,0.334,0.39
0.422,0.367,0.211
0.201,0.561,0.238
0.204,0.416,0.38
0.245,0.499,0.256
0.259,0.385,0.356
0.37,0.232,0.398
0.392,0.273,0.335
0.284,0.337,0.379
0.193,0.265,0.542
0.274,0.388,0.339
0.262,0.342,0.396
0.277,0.324,0.399
0.251,0.412,0.337
0.353,0.309,0.338
0.314,0.325,0.362
0.304,0.386,0.31
0.312,0.309,0.378
0.299,0.362,0.339
0.382,0.239,0.379
0.293,0.356,0.351
0.448,0.249,0.303
0.198,0.408,0.394
0.308,0.326,0.367
0.4,0.222,0.378
0.21,0.231,0.56
0.349,0.339,0.313
0.257,0.448,0.295
0.407,0.287,0.307
0.544,0.161,0.295
0.328,0.342,0.33
0.338,0.315,0.347
0.291,0.271,0.438
0.196,0.222,0.583
0.375,0.344,0.281
0.397,0.247,0.356
0.316,0.267,0.417
0.231,0.367,0.402
0.256,0.229,0.515
0.335,0.327,0.338
0.445,0.202,0.353
0.344,0.363,0.293
0.568,0.259,0.173
0.344,0.337,0.319
0.342,0.32,0.338
0.386,0.304,0.31
0.252,0.419,0.329
0.462,0.222,0.315
0.438,0.318,0.243
0.251,0.347,0.402
0.276,0.401,0.323
0.313,0.373,0.314
0.573,0.233,0.193
0.347,0.314,0.339
0.23,0.464,0.306
0.372,0.328,0.3
0.326,0.35,0.324
0.314,0.297,0.39
0.343,0.356,0.301
0.172,0.465,0.362
0.241,0.164,0.595
0.291,0.402,0.307
0.217,0.316,0.467
0.342,0.3,0.359
0.204,0.405,0.391
0.363,0.262,0.375
0.274,0.384,0.342
0.344,0.29,0.366
0.261,0.436,0.303
0.365,0.344,0.291
0.251,0.312,0.437
0.338,0.337,0.325
0.348,0.346,0.306
0.246,0.424,0.329
0.395,0.249,0.356
0.322,0.362,0.315
0.447,0.306,0.247
0.283,0.388,0.329
0.421,0.283,0.296
0.298,0.219,0.483
0.268,0.375,0.357
0.358,0.194,0.448
0.41,0.335,0.255
0.361,0.303,0.336
0.392,0.372,0.236
0.355,0.266,0.379
0.358,0.386,0.257
0.299,0.124,0.578
0.251,0.351,0.398
0.31,0.307,0.383
0.267,0.362,0.371
0.286,0.421,0.293
0.317,0.42,0.263
0.224,0.222,0.554
0.366,0.344,0.29
0.312,0.281,0.406
0.238,0.405,0.357
0.331,0.332,0.336
0.193,0.275,0.531
0.239,0.431,0.33
0.29,0.28,0.43
0.265,0.297,0.438
0.298,0.331,0.371
0.325,0.306,0.369
0.425,0.249,0.326
0.27,0.372,0.358
0.299,0.385,0.316
0.266,0.236,0.498
0.253,0.352,0.395
0.338,0.379,0.283
0.48,0.251,0.269
0.45,0.293,0.257
0.305,0.237,0.459
0.285,0.26,0.455
0.286,0.265,0.448
0.38,0.295,0.325
0.247,0.231,0.523
0.431,0.263,0.306
0.282,0.273,0.445
0.253,0.232,0.515
0.359,0.289,0.352
0.328,0.26,0.412
0.469,0.203,0.328
0.438,0.274,0.287
0.601,0.178,0.221
0.334,0.327,0.339
0.42,0.22,0.36
0.408,0.231,0.361
0.335,0.372,0.293
0.201,0.32,0.479
0.341,0.392,0.267
0.372,0.362,0.266
0.228,0.305,0.467
0.337,0.472,0.191
0.335,0.298,0.367
0.212,0.373,0.414
0.268,0.346,0.387
0.28,0.311,0.409
0.228,0.526,0.246
0.329,0.294,0.376
0.252,0.343,0.404
0.443,0.244,0.314
0.332,0.406,0.263
0.271,0.304,0.424
0.418,0.346,0.235
0.198,0.25,0.553
0.41,0.299,0.291
0.372,0.232,0.397
0.42,0.357,0.223
0.395,0.27,0.334
0.468,0.199,0.333
0.235,0.446,0.319
0.401,0.302,0.297
0.461,0.306,0.233
0.433,0.214,0.353
0.447,0.367,0.186
0.34,0.337,0.323
0.528,0.106,0.367
0.281,0.324,0.396
0.451,0.338,0.211
0.498,0.186,0.316
0.353,0.275,0.373
0.335,0.379,0.286
0.362,0.247,0.392
0.486,0.059,0.455
0.376,0.281,0.343
0.25,0.332,0.419
0.315,0.35,0.335
0.27,0.499,0.23
0.259,0.433,0.307
0.25,0.345,0.405
0.36,0.274,0.366
0.329,0.311,0.359
0.293,0.358,0.348
0.3,0.473,0.227
0.323,0.307,0.37
0.315,0.342,0.343
0.351,0.319,0.33
0.337,0.29,0.373
0.366,0.358,0.276
0.19,0.396,0.414
0.304,0.419,0.277
0.178,0.488,0.334
0.218,0.246,0.536
0.464,0.224,0.312
0.27,0.162,0.568
0.26,0.332,0.408
0.345,0.266,0.389
0.36,0.278,0.362
0.569,0.224,0.207
0.311,0.363,0.326
0.277,0.233,0.49
0.268,0.374,0.358
0.31,0.364,0.326
0.285,0.325,0.39
0.3,0.368,0.333
0.618,0.209,0.173
0.475,0.25,0.275
0.265,0.284,0.451
0.25,0.296,0.454
0.331,0.281,0.388
0.436,0.223,0.342
0.313,0.308,0.379
0.407,0.222,0.371
0.326,0.296,0.378
0.496,0.207,0.297
0.307,0.437,0.256
0.368,0.25,0.382
0.3,0.275,0.424
0.436,0.309,0.255
0.384,0.203,0.413
0.426,0.245,0.329
0.283,0.381,0.337
0.308,0.307,0.385
0.265,0.388,0.346
0.297,0.286,0.418
0.393,0.21,0.398
0.314,0.346,0.34
0.242,0.226,0.532
0.269,0.327,0.404
0.303,0.427,0.27
0.327,0.293,0.38
0.31,0.378,0.312
0.373,0.377,0.249
0.385,0.314,0.301
0.256,0.351,0.393
0.281,0.243,0.476
0.232,0.412,0.356
0.188,0.306,0.506
0.324,0.102,0.573
0.357,0.272,0.371
0.29,0.435,0.276
0.391,0.221,0.388
0.268,0.349,0.383
0.303,0.44,0.258
0.564,0.25,0.186
0.157,0.196,0.648
0.328,0.318,0.353
0.276,0.219,0.505
0.335,0.272,0.394
0.268,0.363,0.369
0.244,0.357,0.399
0.334,0.297,0.369
0.255,0.283,0.462
0.385,0.204,0.412
0.476,0.215,0.308
0.232,0.162,0.606
0.333,0.344,0.323
0.355,0.271,0.374
0.229,0.409,0.362
0.266,0.326,0.408
0.293,0.424,0.283
0.241,0.273,0.486
0.323,0.385,0.292
0.408,0.373,0.219
0.442,0.143,0.415
0.44,0.287,0.273
0.361,0.198,0.442
0.362,0.31,0.328
0.305,0.346,0.349
0.375,0.294,0.331
