T1,T2,T3
0.40504576,0.11346176,0.48149248
0.68192,0.279168,0.038912
0.30182656,0.19063808,0.50753536
0.51641344,0.1328,0.35078656
0.702912,0.135168,0.16192
0.4747904,0.31276032,0.21244928
0.84224,0.0608,0.09696
0.26048,0.435328,0.304192
0.213504,0.301824,0.484672
0.578496,0.339328,0.082176
0.798912,0.02112,0.179968
0.35296,0.410624,0.236416
0.32719872,0.2335872,0.43921408
0.648128,0.296,0.055872
0.631424,0.216576,0.152
0.7712,0.144,0.0848
0.414272,0.192192,0.393536
0.78276096,0.07274752,0.14449152
0.96,0.04,0.0
0.33472,0.185216,0.480064
0.612032,0.234304,0.153664
0.605248,0.110592,0.28416
0.23456,0.69056,0.07488
0.450304,0.3833088,0.1663872
0.33989888,0.41191936,0.24818176
0.80864,0.11648,0.07488
0.292032,0.29248,0.415488
0.57014016,0.39873792,0.03112192
0.284288,0.447936,0.267776
0.463296,0.257536,0.279168
0.2991744,0.3481344,0.3526912
0.672,0.16,0.168
0.28519936,0.39024128,0.32455936
0.4624,0.28032,0.25728
0.345536,0.616832,0.037632
0.37632,0.2368,0.38688
0.96,0.0352,0.0048
0.442432,0.19968,0.357888
0.4921728,0.2395136,0.2683136
0.40777984,0.37787136,0.2143488
0.75136,0.0,0.24864
0.1387648,0.2660736,0.5951616
0.12,0.736,0.144
0.435776,0.340864,0.22336
0.6471296,0.1814912,0.1713792
0.7319552,0.1511424,0.1169024
0.4384,0.2896,0.272
0.82368,0.057344,0.118976
0.581888,0.21056,0.207552
0.77820672,0.12824064,0.09355264
0.695296,0.073728,0.230976
0.60713728,0.24247808,0.15038464
0.596672,0.1664,0.236928
0.43586048,0.27515392,0.2889856
0.92608,0.05376,0.02016
0.496,0.2688,0.2352
0.71584,0.09216,0.192
0.4111616,0.2473472,0.3414912
0.528,0.3696,0.1024
0.329088,0.352576,0.318336
0.88,0.01344,0.10656
0.7088,0.212864,0.078336
0.732096,0.148352,0.119552
0.5145984,0.2415872,0.2438144
0.84,0.128,0.032
0.76,0.24,0.0
0.137536,0.644928,0.217536
0.47637248,0.32872448,0.19490304
0.39792384,0.25291008,0.34916608
0.96,0.001408,0.038592
0.39104,0.293184,0.315776
0.715712,0.169984,0.114304
0.6554112,0.2075392,0.1370496
0.4784,0.31712,0.20448
0.447872,0.25696,0.295168
0.49011712,0.35862528,0.1512576
0.679168,0.3024,0.018432
0.86981376,0.09126912,0.03891712
0.35578368,0.25926144,0.38495488
0.674944,0.1456,0.179456
0.676736,0.1728,0.150464
0.436608,0.1872,0.376192
0.341824,0.213632,0.444544
0.132608,0.250112,0.61728
0.18647552,0.6031104,0.21041408
0.970368,0.012992,0.01664
0.47328,0.37952,0.1472
0.78528,0.09856,0.11616
0.5964032,0.20846848,0.19512832
0.4415232,0.2374784,0.3209984
0.534784,0.256832,0.208384
0.448768,0.262592,0.28864
0.383808,0.376512,0.23968
0.6256,0.3456,0.0288
0.850752,0.141568,0.00768
0.831808,0.07872,0.089472
0.53447424,0.29393408,0.17159168
0.667904,0.055808,0.276288
0.26219264,0.18252032,0.55528704
0.705152,0.131712,0.163136
0.399808,0.21824,0.381952
0.4668288,0.3045376,0.2286336
0.50536448,0.28886016,0.20577536
0.74413568,0.09417216,0.16169216
0.45536,0.1984,0.34624
0.33597184,0.54597888,0.11804928
0.92576,0.06912,0.00512
0.7488,0.06976,0.18144
0.686016,0.2464,0.067584
0.316416,0.269568,0.414016
0.4848,0.273408,0.241792
0.353984,0.339456,0.30656
0.986112,0.0,0.013888
0.7627008,0.1143296,0.1229696
0.5168,0.3936,0.0896
0.606592,0.137344,0.256064
0.2286848,0.0696576,0.7016576
0.36615168,0.31761664,0.31623168
0.5999488,0.2255616,0.1744896
0.771136,0.202752,0.026112
0.32441344,0.48033536,0.1952512
0.50528,0.11712,0.3776
0.5968,0.1856,0.2176
0.32730368,0.31594752,0.3567488
0.50848,0.11776,0.37376
0.67475712,0.24364544,0.08159744
0.364544,0.402176,0.23328
0.44192768,0.00418816,0.55388416
0.34272,0.281408,0.375872
0.1660928,0.4154368,0.4184704
0.30976,0.497664,0.192576
0.2896,0.662848,0.047552
0.58345728,0.38990336,0.02663936
0.52878592,0.21472768,0.2564864
0.81184,0.045696,0.142464
0.25792,0.39424,0.34784
0.741184,0.196608,0.062208
0.37299712,0.43155712,0.19544576
0.605056,0.253632,0.141312
0.52530944,0.14371328,0.33097728
0.42013952,0.45495296,0.12490752
0.385024,0.175104,0.439872
0.296,0.50816,0.19584
0.34944,0.2896,0.36096
0.123776,0.7856,0.090624
0.60203264,0.25939968,0.13856768
0.382464,0.289856,0.32768
0.2723968,0.5638656,0.1637376
0.21577472,0.52844032,0.25578496
0.476096,0.072064,0.45184
0.29398784,0.32839424,0.37761792
0.7392,0.0304,0.2304
0.80512,0.12288,0.072
0.56536576,0.2507008,0.18393344
0.4487936,0.2076672,0.3435392
0.8697088,0.0650496,0.0652416
0.61897472,0.21003264,0.17099264
0.329152,0.273728,0.39712
0.7184,0.176,0.1056
0.299008,0.6336,0.067392
0.2892928,0.4612608,0.2494464
0.2478464,0.3053568,0.4467968
0.46899456,0.33530368,0.19570176
0.54322176,0.21869312,0.23808512
0.424,0.27136,0.30464
0.63105792,0.13819904,0.23074304
0.2418304,0.4831872,0.2749824
0.719296,0.039808,0.240896
0.18881536,0.28935168,0.52183296
0.4648832,0.2819072,0.2532096
0.52197632,0.22415104,0.25387264
0.82528,0.144,0.03072
0.47644672,0.27838464,0.24516864
0.89500672,0.05316864,0.05182464
0.5295104,0.0637184,0.4067712
0.214464,0.323648,0.461888
0.57568,0.15168,0.27264
0.3696,0.4,0.2304
0.23584,0.498688,0.265472
0.419328,0.297152,0.28352
0.70144,0.17376,0.1248
0.4523008,0.2105344,0.3371648
0.259264,0.016128,0.724608
0.728512,0.164224,0.107264
0.913088,0.044672,0.04224
0.422272,0.387328,0.1904
0.640896,0.07072,0.288384
0.54143744,0.19644928,0.26211328
0.45269504,0.27942144,0.26788352
0.32579328,0.30269696,0.37150976
0.26496,0.455424,0.279616
0.41274624,0.28790784,0.29934592
0.3977344,0.2651392,0.3371264
0.111616,0.720576,0.167808
0.7302272,0.1938304,0.0759424
0.413632,0.078336,0.508032
0.6774272,0.121344,0.2012288
0.5862656,0.0806784,0.333056
0.71392,0.0,0.28608
0.59890176,0.33690112,0.06419712
0.205952,0.719808,0.07424
0.506624,0.30496,0.188416
0.8,0.0,0.2
0.2932352,0.1880832,0.5186816
0.3449856,0.1658112,0.4892032
0.34538752,0.59142144,0.06319104
0.78509824,0.1310208,0.08388096
0.812288,0.100672,0.08704
0.18111232,0.7684224,0.05046528
0.74170112,0.15865344,0.09964544
0.295616,0.300608,0.403776
0.25400832,0.55997184,0.18601984
0.375424,0.404352,0.220224
0.560512,0.172224,0.267264
0.516608,0.2896,0.193792
0.51917056,0.2288384,0.25199104
0.3418624,0.29043456,0.36770304
0.58350336,0.30104832,0.11544832
0.6022528,0.0870656,0.3106816
0.206272,0.364416,0.429312
0.57671168,0.26473216,0.15855616
0.399808,0.155136,0.445056
0.508096,0.232576,0.259328
0.29344,0.580608,0.125952
0.30624,0.185856,0.507904
0.3765632,0.3688448,0.254592
0.233984,0.3712,0.394816
0.419392,0.312064,0.268544
0.505152,0.335488,0.15936
0.2928,0.26816,0.43904
0.657984,0.258816,0.0832
0.285696,0.487296,0.227008
0.4416,0.364672,0.193728
0.2625152,0.2618112,0.4756736
0.29338368,0.37068032,0.335936
0.338752,0.369792,0.291456
0.8517376,0.0343552,0.1139072
0.14715392,0.66319616,0.18964992
0.57696,0.14976,0.27328
0.0592,0.7168,0.224
0.26180352,0.5412352,0.19696128
0.3786752,0.3487616,0.2725632
0.55296768,0.21193216,0.23510016
0.626752,0.292992,0.080256
0.36187904,0.40091648,0.23720448
0.5488,0.240768,0.210432
0.42475776,0.16542976,0.40981248
0.666432,0.085184,0.248384
0.493504,0.413312,0.093184
0.429312,0.28736,0.283328
0.56096,0.15744,0.2816
0.22944,0.64928,0.12128
0.65887232,0.08850432,0.25262336
0.3769984,0.1899904,0.4330112
0.85792,0.081792,0.060288
0.1581696,0.7357952,0.1060352
0.970048,0.005376,0.024576
0.752,0.11008,0.13792
0.41957888,0.13147648,0.44894464
0.9024,0.05824,0.03936
0.40448,0.20672,0.3888
0.5696,0.128,0.3024
0.65984,0.19008,0.15008
0.3696,0.104,0.5264
0.156672,0.045888,0.79744
0.3830784,0.3726592,0.2442624
0.5616,0.1792,0.2592
0.584,0.22208,0.19392
0.4447104,0.3534592,0.2018304
0.445248,0.329216,0.225536
0.1664,0.013056,0.820544
0.19952896,0.61385728,0.18661376
0.53794048,0.15172352,0.310336
0.546816,0.3904,0.062784
0.6694656,0.2108032,0.1197312
0.471168,0.416704,0.112128
0.401472,0.278528,0.32
0.32627712,0.29618176,0.37754112
0.75232,0.131072,0.116608
0.46417664,0.27870464,0.25711872
0.8128,0.1536,0.0336
0.4548096,0.2245632,0.3206272
0.316928,0.165568,0.517504
0.159296,0.203264,0.63744
0.36182528,0.17239552,0.4657792
0.25845248,0.51247104,0.22907648
0.47072,0.28992,0.23936
0.167488,0.313344,0.519168
0.74295552,0.14932224,0.10772224
0.23664128,0.57481216,0.18854656
0.5952,0.0368,0.368
0.5888,0.2880896,0.1231104
0.315776,0.336064,0.34816
0.22080512,0.29378304,0.48541184
0.398656,0.33504,0.266304
0.4360704,0.3689728,0.1949568
0.35586304,0.27996928,0.36416768
0.319296,0.192896,0.487808
0.27931136,0.38633728,0.33435136
0.43117568,0.20570368,0.36312064
0.420224,0.376,0.203776
0.2427392,0.5001856,0.2570752
0.806528,0.162176,0.031296
0.796608,0.085696,0.117696
0.3792,0.50272,0.11808
0.75285248,0.11403776,0.13310976
0.4713984,0.2197632,0.3088384
0.970304,0.027648,0.002048
0.37959424,0.10336768,0.51703808
0.1352064,0.4158592,0.4489344
0.50327552,0.2659328,0.23079168
0.71040256,0.06428672,0.22531072
0.339136,0.413952,0.246912
0.14327808,0.29214208,0.56457984
0.147904,0.09344,0.758656
0.36321792,0.1878784,0.44890368
0.39456,0.570944,0.034496
0.473536,0.35648,0.169984
0.18623232,0.38747904,0.42628864
0.505792,0.129408,0.3648
0.48524288,0.24250624,0.27225088
0.55264,0.1792,0.26816
0.500672,0.172928,0.3264
0.306688,0.215232,0.47808
0.16540672,0.3173248,0.51726848
0.544064,0.279296,0.17664
0.356288,0.419072,0.22464
0.69951744,0.10544128,0.19504128
0.4784384,0.1859584,0.3356032
0.68,0.0,0.32
0.45952,0.2032,0.33728
0.39136,0.224896,0.383744
0.185216,0.263168,0.551616
0.4329856,0.23390208,0.33311232
0.39598848,0.45527552,0.148736
0.570112,0.4048,0.025088
0.32273152,0.50128896,0.17597952
0.23616,0.185024,0.578816
0.344,0.468864,0.187136
0.6532096,0.3028992,0.0438912
0.4096,0.363264,0.227136
0.34976,0.590784,0.059456
0.40441344,0.36435712,0.23122944
0.39178752,0.43133696,0.17687552
0.21408,0.48768,0.29824
0.447872,0.327552,0.224576
0.281408,0.255872,0.46272
0.214976,0.311808,0.473216
0.599872,0.284416,0.115712
0.79648,0.182784,0.020736
0.630016,0.184,0.185984
0.4651648,0.2733056,0.2615296
0.224704,0.182464,0.592832
0.18006272,0.14270464,0.67723264
0.23488,0.20512,0.56
0.2213376,0.2304256,0.5482368
0.6019072,0.2257152,0.1723776
0.29191936,0.33247488,0.37560576
0.50368,0.355392,0.140928
0.374784,0.197056,0.42816
0.619392,0.22432,0.156288
0.6255488,0.0991232,0.275328
0.2806016,0.4841088,0.2352896
0.92448,0.04096,0.03456
0.37723904,0.22639104,0.39636992
0.18208,0.73472,0.0832
0.31272192,0.18313984,0.50413824
0.1456384,0.5326464,0.3217152
0.23410944,0.70752256,0.058368
0.73632,0.13244672,0.13123328
0.37893888,0.21865216,0.40240896
0.35008,0.40704,0.24288
0.09748992,0.17006592,0.73244416
0.51542528,0.30523136,0.17934336
0.629952,0.0768,0.293248
0.5533184,0.360384,0.0862976
0.31872,0.41344,0.26784
0.54304,0.28288,0.17408
0.60130048,0.254208,0.14449152
0.15072,0.33536,0.51392
0.5314688,0.3097856,0.1587456
0.2585344,0.28754688,0.45391872
0.426688,0.489216,0.084096
0.603648,0.05792,0.338432
0.49312,0.321792,0.185088
0.55328,0.206144,0.240576
0.5931008,0.1721856,0.2347136
0.4399232,0.1947776,0.3652992
0.45151488,0.34320384,0.20528128
0.905472,0.004608,0.08992
0.41739776,0.27949312,0.30310912
0.4565376,0.32230656,0.22115584
0.24588032,0.30526464,0.44885504
0.44448,0.22208,0.33344
0.5286144,0.2083968,0.2629888
0.40806144,0.46572544,0.12621312
0.4189568,0.286144,0.2948992
0.5998976,0.1859712,0.2141312
0.28379392,0.36612096,0.35008512
0.69961472,0.27731456,0.02307072
0.543552,0.226048,0.2304
0.60381952,0.21037568,0.1858048
0.976,0.0,0.024
0.144,0.540864,0.315136
0.24832,0.546112,0.205568
0.347904,0.291904,0.360192
0.63223552,0.18253824,0.18522624
0.49888,0.157824,0.343296
0.365632,0.303168,0.3312
0.6064,0.116864,0.276736
0.468288,0.176512,0.3552
0.43838208,0.17715456,0.38446336
0.935808,0.007424,0.056768
0.69796096,0.08851456,0.21352448
0.2848,0.673664,0.041536
0.547008,0.124544,0.328448
0.14162944,0.17733632,0.68103424
0.64224,0.2016,0.15616
0.33920512,0.25685504,0.40393984
0.3855104,0.20063744,0.41385216
0.57606912,0.13631744,0.28761344
0.298496,0.231744,0.46976
0.467264,0.176,0.356736
0.320704,0.211968,0.467328
0.44,0.232064,0.327936
0.43297024,0.15810048,0.40892928
0.685568,0.191616,0.122816
0.17026816,0.71565824,0.1140736
0.22421248,0.49419776,0.28158976
0.280512,0.641152,0.078336
0.70934272,0.18392064,0.10673664
0.48224,0.2816,0.23616
0.85536,0.096,0.04864
0.57173248,0.18672128,0.24154624
0.45764608,0.36607744,0.17627648
0.25950208,0.53016576,0.21033216
0.09525504,0.45857792,0.44616704
0.572288,0.02176,0.405952
0.85947136,0.06089728,0.07963136
0.110592,0.234368,0.65504
0.699712,0.091008,0.20928
0.69664,0.14144,0.16192
0.4204544,0.264128,0.3154176
0.39689472,0.27842048,0.3246848
0.3072,0.203392,0.489408
0.358912,0.190144,0.450944
0.205184,0.504576,0.29024
0.374592,0.344896,0.280512
0.949312,0.038016,0.012672
0.447872,0.2736,0.278528
0.369792,0.4896,0.140608
0.264192,0.536896,0.198912
0.3486336,0.2893696,0.3619968
0.63820288,0.17542656,0.18637056
0.3072,0.27424,0.41856
0.67519232,0.27510784,0.04969984
0.3549184,0.371072,0.2740096
0.4688,0.214848,0.316352
0.452544,0.232128,0.315328
0.3312,0.41408,0.25472
0.38592,0.0,0.61408
0.738112,0.079168,0.18272
0.370688,0.034816,0.594496
0.6598272,0.2000384,0.1401344
0.48123392,0.25765888,0.2611072
0.31299584,0.203328,0.48367616
0.340032,0.288128,0.37184
0.7744,0.0848,0.1408
0.423808,0.311616,0.264576
0.233152,0.466112,0.300736
0.3510528,0.306368,0.3425792
0.634752,0.248768,0.11648
0.57222912,0.22683136,0.20093952
0.20955648,0.55219456,0.23824896
0.924992,0.021504,0.053504
0.63648,0.19456,0.16896
0.514176,0.189312,0.296512
0.4896,0.163584,0.346816
0.3452416,0.34449152,0.31026688
0.7917696,0.1769472,0.0312832
0.4073472,0.3793024,0.2133504
0.304448,0.347456,0.348096
0.38688,0.31872,0.2944
0.64080384,0.16384768,0.19534848
0.776,0.1568,0.0672
0.6,0.2496,0.1504
0.41759488,0.41091072,0.1714944
0.2564224,0.6016512,0.1419264
0.24569856,0.27386368,0.48043776
0.20795904,0.3006976,0.49134336
0.29788928,0.37188096,0.33022976
0.43968,0.2192,0.34112
0.84628224,0.06584832,0.08786944
0.564928,0.225792,0.20928
0.534976,0.2400256,0.2249984
0.3048064,0.1606144,0.5345792
0.495552,0.316288,0.18816
0.4336384,0.2697728,0.2965888
0.472256,0.251456,0.276288
0.411968,0.274944,0.313088
0.766336,0.182144,0.05152
0.482048,0.207872,0.31008
0.16224,0.41792,0.41984
0.89856,0.024,0.07744
0.8,0.1568,0.0432
0.3462784,0.3218432,0.3318784
0.430464,0.141056,0.42848
0.49152,0.26208,0.2464
0.45650176,0.23546368,0.30803456
0.59744,0.23488,0.16768
0.29296896,0.65003264,0.0569984
0.700224,0.243712,0.056064
0.62848,0.24448,0.12704
0.96,0.0096,0.0304
0.70464,0.218816,0.076544
0.4176,0.331264,0.251136
0.33565184,0.26645504,0.39789312
0.4890752,0.3992064,0.1117184
0.196928,0.6608,0.142272
0.5776,0.378624,0.043776
0.6098048,0.1507072,0.239488
0.3479808,0.4656384,0.1863808
0.69896704,0.13659904,0.16443392
0.379456,0.080896,0.539648
0.7728,0.17664,0.05056
0.65639168,0.18236416,0.16124416
0.6272,0.0576,0.3152
0.374016,0.325184,0.3008
0.36699904,0.32764672,0.30535424
0.3364608,0.3995904,0.2639488
0.34432,0.288768,0.366912
0.522688,0.276288,0.201024
0.331584,0.33728,0.331136
0.563648,0.195328,0.241024
0.44279808,0.34390784,0.21329408
0.43635968,0.3117312,0.25190912
0.37437696,0.2411904,0.38443264
0.296064,0.2176,0.486336
0.5853952,0.0486912,0.3659136
0.25888,0.522112,0.219008
0.76,0.24,0.0
0.478144,0.342336,0.17952
0.5335936,0.2788992,0.1875072
0.2671488,0.352512,0.3803392
0.359552,0.437376,0.203072
0.8,0.2,0.0
0.16,0.4944,0.3456
0.426816,0.213888,0.359296
0.3088,0.080128,0.611072
0.58784,0.122624,0.289536
0.542336,0.146304,0.31136
0.42944,0.29056,0.28
0.90714112,0.04230144,0.05055744
0.48062208,0.24501248,0.27436544
0.3978368,0.4174848,0.1846784
0.4520192,0.3572864,0.1906944
0.336,0.18016,0.48384
0.312448,0.281536,0.406016
0.64707072,0.15899904,0.19393024
0.72384,0.239296,0.036864
0.464,0.152,0.384
0.5903744,0.2861568,0.1234688
0.2736,0.46336,0.26304
0.35513856,0.29815808,0.34670336
0.336128,0.286656,0.377216
0.411584,0.288384,0.300032
0.17824,0.410112,0.411648
0.87232,0.030976,0.096704
0.41005056,0.47817472,0.11177472
0.603776,0.217152,0.179072
0.456128,0.342784,0.201088
0.31641856,0.1709312,0.51265024
0.27483904,0.54588928,0.17927168
0.461696,0.22848,0.309824
0.4277888,0.3449984,0.2272128
0.58331904,0.24462848,0.17205248
0.719552,0.102016,0.178432
0.45270784,0.37445632,0.17283584
0.514816,0.14624,0.338944
0.513344,0.486656,0.0
0.4760704,0.3366144,0.1873152
0.49929984,0.36087808,0.13982208
0.14208,0.290752,0.567168
0.43232,0.2784,0.28928
0.664,0.2128,0.1232
0.32832,0.29696,0.37472
0.7218304,0.2266624,0.0515072
0.44282112,0.33189632,0.22528256
0.3185024,0.13508608,0.54641152
0.39970304,0.48098048,0.11931648
0.394304,0.337536,0.26816
0.1584,0.142592,0.699008
0.64,0.2448,0.1152
0.21902592,0.21487104,0.56610304
0.169472,0.24448,0.586048
0.6344832,0.2332672,0.1322496
0.46464,0.36,0.17536
0.92,0.0096,0.0704
0.6704,0.02688,0.30272
0.704,0.296,0.0
0.4816,0.27072,0.24768
0.2020224,0.4480512,0.3499264
0.291776,0.618624,0.0896
0.3742848,0.3260416,0.2996736
0.704,0.168,0.128
0.561152,0.247872,0.190976
0.58931456,0.23631872,0.17436672
0.338624,0.433088,0.228288
0.96,0.03168,0.00832
0.71328,0.109824,0.176896
0.6144,0.1744,0.2112
0.4511104,0.2103168,0.3385728
0.5056,0.408064,0.086336
0.512192,0.168192,0.319616
0.58877184,0.19883008,0.21239808
0.23315968,0.30281216,0.46402816
0.797632,0.067584,0.134784
0.523264,0.419136,0.0576
0.500544,0.181632,0.317824
0.37536,0.38464,0.24
0.48608512,0.22815744,0.28575744
0.26409984,0.49657344,0.23932672
0.96,0.00448,0.03552
0.48896,0.387136,0.123904
0.3761792,0.34387712,0.27994368
0.181312,0.6528,0.165888
0.467648,0.21152,0.320832
0.72156928,0.10734336,0.17108736
0.72096,0.12992,0.14912
0.2550144,0.3612288,0.3837568
0.39680768,0.34916864,0.25402368
0.96,0.0272,0.0128
0.198272,0.565376,0.236352
0.39902464,0.35414528,0.24683008
0.43856384,0.16459008,0.39684608
0.3033984,0.34661888,0.34998272
0.357952,0.262016,0.380032
0.362176,0.590592,0.047232
0.427968,0.2489344,0.3230976
0.4928,0.3504,0.1568
0.723776,0.084224,0.192
0.44,0.12544,0.43456
0.448192,0.313856,0.237952
0.05568,0.16736,0.77696
0.174144,0.45888,0.366976
0.34086656,0.23334656,0.42578688
0.5892352,0.0599424,0.3508224
0.8948736,0.0596992,0.0454272
0.364224,0.2637312,0.3720448
0.54442496,0.29943552,0.15613952
0.3619328,0.11681792,0.52124928
0.530048,0.344512,0.12544
0.64873984,0.14641408,0.20484608
0.62662912,0.26578944,0.10758144
0.34501888,0.38969856,0.26528256
0.85984,0.14016,0.0
0.44,0.10752,0.45248
0.544,0.24224,0.21376
0.5946752,0.2252544,0.1800704
0.38507008,0.25143296,0.36349696
0.36490496,0.20459008,0.43050496
0.889856,0.018304,0.09184
0.4870784,0.2191104,0.2938112
0.441856,0.247872,0.310272
0.33481984,0.20254976,0.4626304
0.246784,0.52128,0.231936
0.60832,0.31104,0.08064
0.33088,0.376,0.29312
0.8864,0.048896,0.064704
0.262272,0.574528,0.1632
0.3550592,0.2973056,0.3476352
0.2595072,0.1007744,0.6397184
0.40576,0.24032,0.35392
0.393728,0.185856,0.420416
0.444288,0.27392,0.281792
0.6300032,0.09732352,0.27267328
0.682496,0.204416,0.113088
0.38493184,0.42157824,0.19348992
0.334464,0.324992,0.340544
0.4795008,0.2990336,0.2214656
0.256896,0.640576,0.102528
0.36288,0.288704,0.348416
0.3888,0.2624,0.3488
0.98944,0.01056,0.0
0.6838656,0.1101824,0.205952
0.3793536,0.143424,0.4772224
0.566592,0.226304,0.207104
0.381824,0.582336,0.03584
0.6309632,0.0228224,0.3462144
0.297536,0.628736,0.073728
0.36974848,0.24715776,0.38309376
0.620736,0.17024,0.209024
0.6144,0.36,0.0256
0.224,0.74144,0.03456
0.83008,0.090944,0.078976
0.29219328,0.47759104,0.23021568
0.4592,0.4704,0.0704
0.757952,0.114304,0.127744
0.33376,0.61184,0.0544
0.5104384,0.40524288,0.08431872
0.560704,0.075904,0.363392
0.77152,0.193792,0.034688
0.828672,0.05248,0.118848
0.424,0.37312,0.20288
0.34835968,0.27697664,0.37466368
0.44361216,0.12578816,0.43059968
0.366656,0.351104,0.28224
0.514752,0.16672,0.318528
0.17561856,0.31721472,0.50716672
0.5060224,0.0941568,0.3998208
0.4658816,0.3234432,0.2106752
0.2749824,0.4632448,0.2617728
0.60589568,0.21052416,0.18358016
0.73326848,0.05758976,0.20914176
0.62204672,0.21208064,0.16587264
0.5648,0.03456,0.40064
0.38395904,0.36245504,0.25358592
0.60049664,0.37863936,0.020864
0.3514368,0.3046016,0.3439616
0.81102592,0.08740608,0.101568
0.25719808,0.31175424,0.43104768
0.81568,0.14592,0.0384
0.896,0.072,0.032
0.24240384,0.29918208,0.45841408
0.47532288,0.22207488,0.30260224
0.166144,0.138624,0.695232
0.77392384,0.11767808,0.10839808
0.382464,0.307904,0.309632
0.21746432,0.51715584,0.26537984
0.253952,0.4624,0.283648
0.5714304,0.3071488,0.1214208
0.33666304,0.448512,0.21482496
0.501312,0.3008,0.197888
0.28288,0.089984,0.627136
0.875136,0.087744,0.03712
0.404928,0.2205952,0.3744768
0.6018432,0.1833984,0.2147584
0.88,0.12,0.0
0.322752,0.275008,0.40224
0.3348992,0.3942656,0.2708352
0.981824,0.018176,0.0
0.33881344,0.39832576,0.2628608
0.394048,0.385664,0.220288
0.35033856,0.2270208,0.42264064
0.811072,0.1728,0.016128
0.3765888,0.3342464,0.2891648
0.778688,0.079296,0.142016
0.703616,0.100672,0.195712
0.37662208,0.3657984,0.25757952
0.231296,0.002112,0.766592
0.4207872,0.2294144,0.3497984
0.3924864,0.2396928,0.3678208
0.393472,0.35616,0.250368
0.22011904,0.10217216,0.6777088
0.368896,0.336,0.295104
0.160896,0.328704,0.5104
0.41860096,0.11176192,0.46963712
0.617984,0.21248,0.169536
0.251264,0.519104,0.229632
0.086336,0.657664,0.256
0.449792,0.290752,0.259456
0.48726272,0.39844864,0.11428864
0.36678656,0.42458112,0.20863232
0.51157504,0.28040448,0.20802048
0.275072,0.223424,0.501504
0.20361984,0.17051136,0.6258688
0.51800576,0.46076928,0.02122496
0.5031552,0.18950656,0.30733824
0.398336,0.454784,0.14688
0.28733184,0.44128512,0.27138304
0.6592,0.3024,0.0384
0.32608,0.177536,0.496384
0.16852992,0.60109056,0.23037952
0.4620544,0.3428736,0.195072
0.52099328,0.23310336,0.24590336
0.39719936,0.17504512,0.42775552
0.62006528,0.19380224,0.18613248
0.51233024,0.3714048,0.11626496
0.78220288,0.07866624,0.13913088
0.832192,0.032256,0.135552
0.3692288,0.4383616,0.1924096
0.3818752,0.3604864,0.2576384
0.3195008,0.42673664,0.25376256
0.57984,0.30272,0.11744
0.351616,0.343488,0.304896
0.4596352,0.26474496,0.27561984
0.4533376,0.2841472,0.2625152
0.342592,0.279552,0.377856
0.3515776,0.2617728,0.3866496
0.4273152,0.327488,0.2451968
0.39424,0.2624,0.34336
0.528704,0.201216,0.27008
0.59504896,0.28388352,0.12106752
0.50336,0.28384,0.2128
0.3984,0.428032,0.173568
0.46016,0.14592,0.39392
0.37595136,0.47826176,0.14578688
0.486848,0.287936,0.225216
0.72458752,0.15341824,0.12199424
0.238208,0.711168,0.050624
0.37244928,0.21205248,0.41549824
0.59606784,0.24407808,0.15985408
0.226176,0.243904,0.52992
0.60861184,0.18379008,0.20759808
0.1657216,0.6297088,0.2045696
0.4208512,0.3551488,0.224
0.30547712,0.46357504,0.23094784
0.129088,0.15424,0.716672
0.43995392,0.44760576,0.11244032
0.28055552,0.51982336,0.19962112
0.61375744,0.15790592,0.22833664
0.56111872,0.24490496,0.19397632
0.57632,0.27136,0.15232
0.4395392,0.10609152,0.45436928
0.358144,0.253376,0.38848
0.32708864,0.18315264,0.48975872
0.3488,0.29824,0.35296
0.31986944,0.28689408,0.39323648
0.4994304,0.2969088,0.2036608
0.171584,0.673792,0.154624
0.875328,0.023552,0.10112
0.31749632,0.42932736,0.25317632
0.73024,0.17088,0.09888
0.38335232,0.3161088,0.30053888
0.472768,0.310272,0.21696
0.938304,0.034048,0.027648
0.29201664,0.27315456,0.4348288
0.24600832,0.54518784,0.20880384
0.76454144,0.05993728,0.17552128
0.3619456,0.3917056,0.2463488
0.410944,0.502272,0.086784
0.21384192,0.60347392,0.18268416
0.397824,0.218368,0.383808
0.423488,0.1104,0.466112
0.4923776,0.23133696,0.27628544
0.823104,0.09632,0.080576
0.274048,0.19328,0.532672
0.457792,0.326912,0.215296
0.38019072,0.24628992,0.37351936
0.555008,0.066368,0.378624
0.51734784,0.34464256,0.1380096
0.48573184,0.30084608,0.21342208
0.50688,0.389824,0.103296
0.432896,0.4496,0.117504
0.5072,0.174592,0.318208
0.31843072,0.5217536,0.15981568
0.289792,0.3472,0.363008
0.3837696,0.3138432,0.3023872
0.9904,0.0096,0.0
0.12622848,0.57164288,0.30212864
0.18310144,0.70586112,0.11103744
0.53115648,0.306432,0.16241152
0.573504,0.280704,0.145792
0.37613056,0.40178688,0.22208256
0.554368,0.28128,0.164352
0.5163776,0.1130112,0.3706112
0.262976,0.549248,0.187776
0.505408,0.271488,0.223104
0.63001088,0.14636544,0.22362368
0.3954176,0.2565632,0.3480192
0.522432,0.392704,0.084864
0.75808,0.19008,0.05184
0.3015808,0.4971776,0.2012416
0.55174912,0.34553344,0.10271744
0.317568,0.280384,0.402048
0.288,0.4,0.312
0.184128,0.5936,0.222272
0.631488,0.102784,0.265728
0.3273472,0.2518016,0.4208512
0.4409472,0.24075264,0.31830016
0.56736,0.327168,0.105472
0.49616896,0.30097152,0.20285952
0.668672,0.156416,0.174912
0.44168704,0.47515648,0.08315648
0.81216,0.1104,0.07744
0.88,0.060096,0.059904
0.90208,0.02592,0.072
0.40805632,0.31018752,0.28175616
0.7584,0.12384,0.11776
0.827968,0.0,0.172032
0.55299072,0.23102464,0.21598464
0.3388544,0.3904,0.2707456
0.49952,0.08576,0.41472
0.28579584,0.39481344,0.31939072
0.5863936,0.2432128,0.1703936
0.373376,0.176576,0.450048
0.4260096,0.38993664,0.18405376
0.831104,0.14688,0.022016
0.368576,0.349376,0.282048
0.11619328,0.31954944,0.56425728
0.824,0.143232,0.032768
0.29693696,0.38181888,0.32124416
0.38816,0.424704,0.187136
0.4318208,0.1718272,0.396352
0.45364224,0.26273536,0.2836224
0.243328,0.64896,0.107712
0.330624,0.565056,0.10432
0.3037568,0.3280384,0.3682048
0.9872,0.0128,0.0
0.403712,0.3888,0.207488
0.69056,0.209408,0.100032
0.276224,0.424064,0.299712
0.5152,0.365952,0.118848
0.315904,0.508736,0.17536
0.52832,0.311168,0.160512
0.5775616,0.0344832,0.3879552
0.29248,0.13152,0.576
0.51001856,0.45046272,0.03951872
0.334912,0.548352,0.116736
0.6982528,0.1403136,0.1614336
0.5579776,0.313344,0.1286784
0.295872,0.383104,0.321024
0.6212992,0.1319424,0.2467584
0.632128,0.2688,0.099072
0.33020416,0.40027392,0.26952192
0.878656,0.041472,0.079872
0.419392,0.137088,0.44352
0.838912,0.069888,0.0912
0.6098944,0.1385088,0.2515968
0.622208,0.178752,0.19904
0.35401984,0.37331456,0.2726656
0.346112,0.6128,0.041088
0.4128,0.231168,0.356032
0.168256,0.768,0.063744
0.64,0.0784,0.2816
0.31075584,0.39622144,0.29302272
0.412352,0.271872,0.315776
0.453248,0.297152,0.2496
0.26531328,0.52128,0.21340672
0.7912064,0.161664,0.0471296
0.1961216,0.413248,0.3906304
0.40740864,0.34174464,0.25084672
0.49653504,0.42658816,0.0768768
0.6512,0.0544,0.2944
0.4464768,0.2967296,0.2567936
0.743168,0.175232,0.0816
0.1444864,0.3670912,0.4884224
0.597248,0.143232,0.25952
0.17824,0.350784,0.470976
0.609728,0.16128,0.228992
0.450048,0.163008,0.386944
0.34940672,0.26089472,0.38969856
0.77201664,0.12499968,0.10298368
0.678848,0.185472,0.13568
0.440768,0.29504,0.264192
0.216128,0.674048,0.109824
0.4818176,0.2696832,0.2484992
0.414912,0.213312,0.371776
0.361152,0.22784,0.411008
0.4144,0.28832,0.29728
0.3776,0.21344,0.40896
0.280704,0.18721792,0.53207808
0.632,0.146176,0.221824
0.3849344,0.27143936,0.34362624
0.337408,0.349632,0.31296
0.570112,0.196672,0.233216
0.505088,0.2448,0.250112
0.566208,0.376704,0.057088
0.513024,0.323584,0.163392
0.42910464,0.22052864,0.35036672
0.5137024,0.1850496,0.301248
0.523968,0.073472,0.40256
0.512,0.384,0.104
0.7248,0.1744,0.1008
0.348544,0.306944,0.344512
0.2311424,0.6145408,0.1543168
0.58320896,0.16493568,0.25185536
0.2740096,0.1222656,0.6037248
0.3558272,0.5090304,0.1351424
0.22911488,0.31430144,0.45658368
0.664768,0.171776,0.163456
0.2169728,0.3211008,0.4619264
0.341504,0.17824,0.480256
0.51968,0.29504,0.18528
0.3539456,0.5221248,0.1239296
0.563072,0.139264,0.297664
0.3541248,0.3086336,0.3372416
0.330688,0.209536,0.459776
0.4588288,0.2422016,0.2989696
0.2636416,0.4122368,0.3241216
0.671872,0.146688,0.18144
0.64317184,0.02327808,0.33355008
0.293504,0.273408,0.433088
0.591488,0.0512,0.357312
0.4169088,0.1857536,0.3973376
0.65094912,0.11711744,0.23193344
0.5632,0.203328,0.233472
0.34905088,0.3360384,0.31491072
0.6512,0.0544,0.2944
0.48411904,0.20226048,0.31362048
0.38133248,0.38690816,0.23175936
0.464,0.130688,0.405312
0.526208,0.2016,0.272192
0.2676224,0.6012928,0.1310848
0.222656,0.041344,0.736
0.34368,0.42912,0.2272
0.1776,0.012672,0.809728
0.61431552,0.16781824,0.21786624
0.352704,0.3493888,0.2979072
0.2448,0.522624,0.232576
0.53408,0.275328,0.190592
0.1552,0.392576,0.452224
0.53051136,0.22823936,0.24124928
0.230976,0.161216,0.607808
0.7056,0.139008,0.155392
0.41879552,0.29924096,0.28196352
0.408768,0.168192,0.42304
0.886848,0.017152,0.096
0.3750912,0.0685952,0.5563136
0.365568,0.186176,0.448256
0.867392,0.057344,0.075264
0.44992,0.343168,0.206912
0.725888,0.15008,0.124032
0.403072,0.316928,0.28
0.2035328,0.4283904,0.3680768
0.760384,0.2048,0.034816
0.87456,0.02432,0.10112
0.27017984,0.42934272,0.30047744
0.226752,0.256768,0.51648
0.39234048,0.22133248,0.38632704
0.42464,0.31104,0.26432
0.425152,0.343424,0.231424
0.6940416,0.1408,0.1651584
0.359616,0.489024,0.15136
0.258944,0.4992,0.241856
0.192192,0.165632,0.642176
0.452928,0.374272,0.1728
0.917568,0.006528,0.075904
0.38342912,0.33972992,0.27684096
0.30800128,0.37791744,0.31408128
0.917952,0.001536,0.080512
0.44128,0.301312,0.257408
0.3856,0.2784,0.336
0.4152192,0.23388672,0.35089408
0.37920512,0.29014528,0.3306496
0.42368,0.23264,0.34368
0.36576,0.21248,0.42176
0.12704,0.554048,0.318912
0.826176,0.04096,0.132864
0.314304,0.596224,0.089472
0.416,0.072,0.512
0.4678912,0.1956224,0.3364864
0.76096256,0.13145088,0.10758656
0.4300288,0.2613248,0.3086464
0.1296,0.824,0.0464
0.36,0.13888,0.50112
0.3911296,0.2399232,0.3689472
0.4906368,0.1580544,0.3513088
0.484736,0.078464,0.4368
0.50701824,0.19015424,0.30282752
0.52250624,0.19763968,0.27985408
0.41568,0.305792,0.278528
0.225984,0.50912,0.264896
0.334784,0.203008,0.462208
0.30030592,0.36360704,0.33608704
0.84128,0.10112,0.0576
0.434688,0.196096,0.369216
0.68768,0.19328,0.11904
0.51488,0.128,0.35712
0.4848,0.4576,0.0576
0.5259136,0.1719552,0.3021312
0.46989568,0.25967616,0.27042816
0.426816,0.45504,0.118144
0.367104,0.32896,0.303936
0.42976,0.21728,0.35296
0.448384,0.410816,0.1408
0.6144,0.1728,0.2128
0.5164416,0.2892288,0.1943296
0.451008,0.232704,0.316288
0.528832,0.163584,0.307584
0.38386688,0.21759232,0.3985408
0.453632,0.04928,0.497088
0.65376,0.243456,0.102784
0.58525952,0.25857024,0.15617024
0.209472,0.293504,0.497024
0.43008,0.2672,0.30272
0.33282816,0.33494016,0.33223168
0.2138624,0.1220864,0.6640512
0.096448,0.206912,0.69664
0.11925248,0.22009856,0.66064896
0.70685184,0.20625408,0.08689408
0.5216,0.2992,0.1792
0.38809344,0.29246464,0.31944192
0.8339584,0.0772608,0.0887808
0.47653632,0.40694784,0.11651584
0.49900544,0.16095744,0.34003712
0.463936,0.412992,0.123072
0.27380224,0.32676864,0.39942912
0.695232,0.202752,0.102016
0.26294272,0.46592256,0.27113472
0.389824,0.37728,0.232896
0.4092544,0.1705344,0.4202112
0.412224,0.236544,0.351232
0.608384,0.228672,0.162944
0.7616768,0.1087872,0.129536
0.678016,0.093184,0.2288
0.359104,0.363136,0.27776
0.90432,0.086016,0.009664
0.48390912,0.24441344,0.27167744
0.21956864,0.55767552,0.22275584
0.60218368,0.23702016,0.16079616
0.309504,0.244096,0.4464
0.7294208,0.1001856,0.1703936
0.92416,0.07584,0.0
0.426816,0.267392,0.305792
0.293824,0.590656,0.11552
0.79779584,0.02359808,0.17860608
0.332416,0.5394816,0.1281024
0.68,0.0,0.32
0.53745664,0.21235968,0.25018368
0.2548992,0.4047744,0.3403264
0.449216,0.2,0.350784
0.678976,0.180224,0.1408
0.508672,0.330688,0.16064
0.4314368,0.2666496,0.3019136
0.4912,0.318208,0.190592
0.404032,0.20864,0.387328
0.4512,0.21184,0.33696
0.3294208,0.2930688,0.3775104
0.54112,0.34368,0.1152
0.20987904,0.60539392,0.18472704
0.6248192,0.23707648,0.13810432
0.88,0.060288,0.059712
0.41344,0.319488,0.267072
0.34707456,0.20432896,0.44859648
0.8570496,0.1047552,0.0381952
0.6122112,0.2316544,0.1561344
0.4049664,0.4183808,0.1766528
0.849216,0.013504,0.13728
0.92608,0.00768,0.06624
0.51555584,0.27440128,0.21004288
0.609792,0.138624,0.251584
0.542976,0.227648,0.229376
0.44611584,0.12145664,0.43242752
0.1968,0.596096,0.207104
0.46752,0.253952,0.278528
0.754624,0.076032,0.169344
0.36064,0.361728,0.277632
0.27198976,0.54196224,0.186048
0.0899968,0.2187648,0.6912384
0.7891456,0.0776832,0.1331712
0.3430912,0.2504704,0.4064384
0.41063936,0.23557632,0.35378432
0.24044032,0.47656448,0.2829952
0.331328,0.501696,0.166976
0.6352,0.10752,0.25728
0.884032,0.0864,0.029568
0.4168832,0.4578688,0.125248
0.753216,0.110592,0.136192
0.4624,0.2304,0.3072
0.24846848,0.52053504,0.23099648
0.51616,0.38592,0.09792
0.2016,0.7536,0.0448
0.79571456,0.09755136,0.10673408
0.347904,0.288128,0.363968
0.1952,0.6256,0.1792
0.39264,0.05952,0.54784
0.446144,0.299648,0.254208
0.757312,0.070272,0.172416
0.496576,0.086784,0.41664
0.45920768,0.2915456,0.24924672
0.333568,0.3072,0.359232
0.6211072,0.2100864,0.1688064
0.31023104,0.31664896,0.37312
0.213184,0.503936,0.28288
0.5339904,0.1053824,0.3606272
0.40422912,0.23694336,0.35882752
0.270336,0.31552,0.414144
0.23096064,0.50153472,0.26750464
0.732736,0.172416,0.094848
0.49824768,0.08988416,0.41186816
0.2432,0.524608,0.232192
0.667648,0.018496,0.313856
0.47136,0.28672,0.24192
0.57603328,0.23932928,0.18463744
0.412928,0.365312,0.22176
0.301056,0.438336,0.260608
0.29055488,0.26125056,0.44819456
0.7216,0.24,0.0384
0.35798016,0.26069248,0.38132736
0.2928128,0.506432,0.2007552
0.498816,0.021824,0.47936
0.270656,0.583424,0.14592
0.376768,0.33216,0.291072
0.34429952,0.37255424,0.28314624
0.454016,0.401472,0.144512
0.48,0.28704,0.23296
0.440896,0.263616,0.295488
0.911744,0.016128,0.072128
0.3344,0.04224,0.62336
0.64293632,0.29969408,0.0573696
0.263168,0.416832,0.32
0.55138048,0.26847744,0.18014208
0.29916416,0.42835968,0.27247616
0.397696,0.310144,0.29216
0.51679232,0.18290944,0.30029824
0.425216,0.182784,0.392
0.42048,0.24896,0.33056
0.3726208,0.3385856,0.2887936
0.88224,0.06656,0.0512
0.523008,0.309504,0.167488
0.773696,0.02048,0.205824
0.52847616,0.22359296,0.24793088
0.20665344,0.51577344,0.27757312
0.587776,0.205056,0.207168
0.3913088,0.30610688,0.30258432
0.44032,0.29152,0.26816
0.671808,0.111488,0.216704
0.6624,0.327296,0.010304
0.8656,0.0,0.1344
0.8362112,0.1127424,0.0510464
0.378112,0.220352,0.401536
0.382784,0.3968,0.220416
0.42185472,0.19964416,0.37850112
0.448192,0.264064,0.287744
0.4973568,0.3751936,0.1274496
0.15647744,0.41030912,0.43321344
0.50126336,0.3209088,0.17782784
0.24,0.0,0.76
0.103936,0.110848,0.785216
0.68864,0.231232,0.080128
0.62016,0.248512,0.131328
0.162496,0.376704,0.4608
0.96,0.0064,0.0336
0.96,0.0224,0.0176
0.84,0.096,0.064
0.4752512,0.2134784,0.3112704
0.25576192,0.31086592,0.43337216
0.4317312,0.2740864,0.2941824
0.3328,0.3926656,0.2745344
0.478528,0.374016,0.147456
0.52096,0.10752,0.37152
0.934528,0.04128,0.024192
0.52529152,0.1595648,0.31514368
0.459584,0.329984,0.210432
0.41728,0.437568,0.145152
0.79808,0.11232,0.0896
0.428736,0.357184,0.21408
0.33088,0.2304,0.43872
0.2152448,0.1675136,0.6172416
0.6341248,0.2324736,0.1334016
0.50246656,0.26263808,0.23489536
0.45498624,0.24615424,0.29885952
0.3264,0.470336,0.203264
0.40128,0.266048,0.332672
0.514176,0.302336,0.183488
0.7632,0.0224,0.2144
0.31666432,0.28381184,0.39952384
0.47706112,0.2754304,0.24750848
0.574528,0.208256,0.217216
0.44031488,0.18565376,0.37403136
0.38989824,0.31155968,0.29854208
0.57476608,0.17405696,0.25117696
0.2221056,0.6980608,0.0798336
0.38944,0.16512,0.44544
0.49888,0.158208,0.342912
0.652608,0.155776,0.191616
0.5745792,0.3276032,0.0978176
0.18894592,0.26199296,0.54906112
0.888,0.0,0.112
0.550016,0.166272,0.283712
0.183936,0.417664,0.3984
0.72,0.0096,0.2704
0.960448,0.039552,0.0
0.31490304,0.30738176,0.3777152
0.80486656,0.14031872,0.05481472
0.457536,0.2496,0.292864
0.574528,0.182784,0.242688
0.4643968,0.21170688,0.32389632
0.56,0.20096,0.23904
0.563904,0.216192,0.219904
0.5265536,0.209472,0.2639744
0.648,0.33728,0.01472
0.57714432,0.16054784,0.26230784
0.617088,0.285632,0.09728
0.92832,0.06144,0.01024
0.59784704,0.23502592,0.16712704
0.96,0.032,0.008
0.2651904,0.4076544,0.3271552
0.4534144,0.2499072,0.2966784
0.2698496,0.1715456,0.5586048
0.5319808,0.3911424,0.0768768
0.34972672,0.49085952,0.15941376
0.262144,0.45024,0.287616
0.528896,0.116032,0.355072
0.67108096,0.16113152,0.16778752
0.53376768,0.21090816,0.25532416
0.7142272,0.1560064,0.1297664
0.711616,0.24704,0.041344
0.25504,0.40512,0.33984
0.47104,0.2352,0.29376
0.97216,0.02176,0.00608
0.5557632,0.25450752,0.18972928
0.4950656,0.1951232,0.3098112
0.248,0.340864,0.411136
0.33867264,0.19968768,0.46163968
0.31136,0.32864,0.36
0.56824064,0.17759232,0.25416704
0.5232384,0.20476672,0.27199488
0.76,0.0384,0.2016
0.489728,0.253568,0.256704
0.7973376,0.0927232,0.1099392
0.3872,0.353024,0.259776
0.50752,0.20736,0.28512
0.51216896,0.40593152,0.08189952
0.33757696,0.54289152,0.11953152
0.562624,0.213184,0.224192
0.35615232,0.60189184,0.04195584
0.549376,0.22848,0.222144
0.33460736,0.32967424,0.3357184
0.48028416,0.23147776,0.28823808
0.273408,0.528832,0.19776
0.382528,0.417792,0.19968
0.246528,0.2272,0.526272
0.34900992,0.16298752,0.48800256
0.275904,0.1166592,0.6074368
0.45758976,0.33224448,0.21016576
0.82144,0.07808,0.10048
0.647488,0.1168896,0.2356224
0.546048,0.219712,0.23424
0.424,0.0,0.576
0.50431232,0.14345472,0.35223296
0.661312,0.204288,0.1344
0.47134464,0.37314048,0.15551488
0.21184,0.211584,0.576576
0.626432,0.133888,0.23968
0.1821568,0.5206784,0.2971648
0.467648,0.240768,0.291584
0.4032,0.3744,0.2224
0.34704128,0.3128576,0.34010112
0.38756096,0.35313152,0.25930752
0.29571328,0.22303488,0.48125184
0.73416448,0.09149184,0.17434368
0.419584,0.333888,0.246528
0.695552,0.157568,0.14688
0.1801856,0.5830144,0.2368
0.169728,0.50336,0.326912
0.50563584,0.31496448,0.17939968
0.30396672,0.43053056,0.26550272
0.3498112,0.3796096,0.2705792
0.69312,0.171328,0.135552
0.73740032,0.14557184,0.11702784
0.30069248,0.02379776,0.67550976
0.37535232,0.57046784,0.05417984
0.276416,0.376448,0.347136
0.51456,0.26624,0.2192
0.305728,0.0128,0.681472
0.40329472,0.27310336,0.32360192
0.67456,0.165888,0.159552
0.341696,0.211392,0.446912
0.4091008,0.18189824,0.40900096
0.619968,0.268928,0.111104
0.502912,0.335424,0.161664
0.972992,0.020608,0.0064
0.8496,0.048,0.1024
0.33393152,0.39419648,0.271872
0.4383104,0.3062784,0.2554112
0.307904,0.299904,0.392192
0.3409152,0.1382912,0.5207936
0.30944,0.15552,0.53504
0.34354688,0.48098048,0.17547264
0.873792,0.103744,0.022464
0.53189632,0.38420992,0.08389376
0.42528,0.319808,0.254912
0.4691456,0.3592832,0.1715712
0.568256,0.14592,0.285824
0.5776,0.0336,0.3888
0.29371392,0.50319872,0.20308736
0.75384576,0.09325312,0.15290112
0.31638528,0.32790784,0.35570688
0.419008,0.122432,0.45856
0.413056,0.314432,0.272512
0.425472,0.328064,0.246464
0.59445504,0.18921216,0.2163328
0.230336,0.49260032,0.27706368
0.733504,0.2304,0.036096
0.3410944,0.266816,0.3920896
0.502784,0.222784,0.274432
0.37268736,0.32364544,0.3036672
0.61696,0.316352,0.066688
0.34781696,0.23750656,0.41467648
0.48052224,0.17678848,0.34268928
0.53227264,0.15947008,0.30825728
0.44254464,0.350784,0.20667136
0.30884352,0.18618624,0.50497024
0.2576,0.0224,0.72
0.64416,0.22464,0.1312
0.257664,0.514048,0.228288
0.2848,0.04096,0.67424
0.548736,0.240832,0.210432
0.2906752,0.6017024,0.1076224
0.484096,0.274176,0.241728
0.60736,0.209024,0.183616
0.72608,0.20736,0.06656
0.654016,0.1378048,0.2081792
0.6219008,0.1854336,0.1926656
0.452032,0.27168,0.276288
0.2949376,0.3677696,0.3372928
0.4272,0.32768,0.24512
0.46144,0.272832,0.265728
0.95264,0.00128,0.04608
0.28879616,0.60873216,0.10247168
0.38913024,0.24314624,0.36772352
0.32780032,0.08822784,0.58397184
0.275904,0.421248,0.302848
0.45313792,0.2468608,0.30000128
0.41957632,0.37132032,0.20910336
0.1765632,0.2481024,0.5753344
0.572864,0.076864,0.350272
0.897856,0.029952,0.072192
0.19435008,0.22777856,0.57787136
0.88,0.024,0.096
0.53824,0.35328,0.10848
0.299136,0.374976,0.325888
0.63650048,0.12798976,0.23550976
0.40232192,0.21167104,0.38600704
0.39280896,0.52919296,0.07799808
0.35593728,0.21947136,0.42459136
0.479808,0.235776,0.284416
0.44354816,0.41250816,0.14394368
0.443584,0.2310144,0.3254016
0.92608,0.0224,0.05152
0.43808,0.227328,0.334592
0.42272,0.354816,0.222464
0.4839936,0.2359936,0.2800128
0.684544,0.162432,0.153024
0.4410496,0.2644992,0.2944512
0.48203264,0.27859968,0.23936768
0.672384,0.174528,0.153088
0.774336,0.053888,0.171776
0.3723136,0.3727872,0.2548992
0.4120064,0.2809088,0.3070848
0.41410816,0.26429184,0.3216
0.34752,0.247552,0.404928
0.4994688,0.1824128,0.3181184
0.314624,0.32288,0.362496
0.3480832,0.1983488,0.453568
0.449664,0.144768,0.405568
