T1,T2,T3
"(O,(p1,(p2,p3)));","(O,(p2,(p1,p3)));","(O,(p3,(p1,p2)));"
0.015,0.035,0.95
0.16713333333333333,0.3854,0.4474666666666667
0.0498,0.0408,0.9094
0.08313333333333334,0.4447333333333333,0.47213333333333335
0.2,0.0,0.8
0.1378,0.5516,0.3106
0.1,0.16,0.74
0.0,0.0,1.0
0.31,0.3076,0.3824
0.3970666666666667,0.2634666666666667,0.3394666666666667
0.4166666666666667,0.16066666666666668,0.4226666666666667
0.4367333333333333,0.2564,0.3068666666666667
0.152,0.368,0.48
0.0984,0.2624,0.6392
0.12266666666666666,0.302,0.5753333333333334
0.26826666666666665,0.2736,0.45813333333333334
0.21533333333333332,0.2044,0.5802666666666667
0.25506666666666666,0.13413333333333333,0.6108
0.2172,0.20986666666666667,0.5729333333333333
0.06266666666666666,0.112,0.8253333333333334
0.3463333333333333,0.36566666666666664,0.288
0.318,0.38666666666666666,0.29533333333333334
0.397,0.205,0.398
0.224,0.21,0.566
0.2,0.0,0.8
0.21726666666666666,0.20693333333333333,0.5758
0.1816,0.0856,0.7328
0.184,0.04666666666666667,0.7693333333333333
0.1728,0.40373333333333333,0.42346666666666666
0.28,0.21333333333333335,0.5066666666666667
0.05,0.0,0.95
0.18,0.316,0.504
0.5509333333333334,0.3096,0.13946666666666666
0.25,0.089,0.661
0.22293333333333334,0.2766,0.5004666666666666
0.0562,0.2952,0.6486
0.32133333333333336,0.21666666666666667,0.462
0.3216,0.2816,0.3968
0.223,0.398,0.379
0.072,0.018666666666666668,0.9093333333333333
0.285,0.185,0.53
0.2822,0.3554,0.3624
0.08,0.48,0.44
0.4396,0.19593333333333332,0.36446666666666666
0.39053333333333334,0.2604,0.3490666666666667
0.0584,0.3224,0.6192
0.482,0.189,0.329
0.5042,0.2626,0.2332
0.0938,0.2258,0.6804
0.27,0.394,0.336
0.46786666666666665,0.2004,0.3317333333333333
0.1128,0.1768,0.7104
0.238,0.23733333333333334,0.5246666666666666
0.036,0.108,0.856
0.218,0.5036,0.2784
0.3008,0.2604,0.4388
0.37,0.13,0.5
0.1412,0.46746666666666664,0.3913333333333333
0.288,0.22,0.492
0.2,0.09866666666666667,0.7013333333333334
0.174,0.108,0.718
0.42,0.244,0.336
0.36,0.224,0.416
0.145,0.1664,0.6886
0.1696,0.2196,0.6108
0.134,0.106,0.76
0.2608,0.3038666666666667,0.43533333333333335
0.032,0.025333333333333333,0.9426666666666667
0.1332,0.1112,0.7556
0.18,0.392,0.428
0.2613333333333333,0.112,0.6266666666666667
0.005333333333333333,0.19466666666666665,0.8
0.172,0.158,0.67
0.24133333333333334,0.25866666666666666,0.5
0.4958,0.1706,0.3336
0.31866666666666665,0.17066666666666666,0.5106666666666667
0.102,0.21333333333333335,0.6846666666666666
0.09333333333333334,0.132,0.7746666666666666
0.254,0.29233333333333333,0.45366666666666666
0.02666666666666667,0.04133333333333333,0.932
0.22266666666666668,0.274,0.5033333333333333
0.6033333333333334,0.135,0.26166666666666666
0.26666666666666666,0.3333333333333333,0.4
0.054,0.5856666666666667,0.36033333333333334
0.286,0.295,0.419
0.326,0.32,0.354
0.28,0.53,0.19
0.364,0.293,0.343
0.0,0.0,1.0
0.076,0.018,0.906
0.103,0.21566666666666667,0.6813333333333333
0.42293333333333333,0.2546,0.3224666666666667
0.26493333333333335,0.2508666666666667,0.4842
0.2804,0.2332,0.4864
0.3356,0.2396,0.4248
0.15933333333333333,0.392,0.44866666666666666
0.294,0.196,0.51
0.3356,0.1812,0.4832
0.26226666666666665,0.15573333333333333,0.582
0.1984,0.2624,0.5392
0.24626666666666666,0.25666666666666665,0.49706666666666666
0.15,0.18,0.67
0.214,0.144,0.642
0.256,0.14,0.604
0.212,0.128,0.66
0.27,0.402,0.328
0.3914666666666667,0.234,0.37453333333333333
0.1656,0.2016,0.6328
0.541,0.204,0.255
0.4,0.154,0.446
0.11,0.42,0.47
0.29173333333333334,0.22873333333333334,0.4795333333333333
0.0982,0.3192,0.5826
0.314,0.289,0.397
0.28013333333333335,0.20053333333333334,0.5193333333333333
0.2288,0.2328,0.5384
0.33,0.274,0.396
0.22213333333333332,0.36773333333333336,0.41013333333333335
0.2004,0.2964,0.5032
0.39,0.32,0.29
0.22926666666666667,0.3846,0.38613333333333333
0.27413333333333334,0.3582666666666667,0.3676
0.1296,0.1446,0.7258
0.3472,0.224,0.4288
0.16266666666666665,0.344,0.49333333333333335
0.26,0.2693333333333333,0.4706666666666667
0.06,0.005,0.935
0.2865333333333333,0.2552,0.45826666666666666
0.3464,0.21453333333333333,0.43906666666666666
0.388,0.224,0.388
0.032,0.032,0.936
0.124,0.11333333333333333,0.7626666666666667
0.2968,0.20813333333333334,0.49506666666666665
0.086,0.006,0.908
0.20466666666666666,0.36,0.43533333333333335
0.27066666666666667,0.2773333333333333,0.452
0.0644,0.3044,0.6312
0.268,0.376,0.356
0.324,0.272,0.404
0.21213333333333334,0.358,0.4298666666666667
0.034666666666666665,0.0,0.9653333333333334
0.243,0.129,0.628
0.116,0.356,0.528
0.39266666666666666,0.18733333333333332,0.42
0.2728,0.3498,0.3774
0.154,0.198,0.648
0.198,0.478,0.324
0.43133333333333335,0.20266666666666666,0.366
0.38,0.211,0.409
0.446,0.287,0.267
0.236,0.476,0.288
0.2118,0.4328,0.3554
0.18813333333333335,0.17906666666666668,0.6328
0.2232,0.3,0.4768
0.116,0.2488,0.6352
0.45853333333333335,0.1112,0.4302666666666667
0.314,0.156,0.53
0.1568,0.28373333333333334,0.5594666666666667
0.12493333333333333,0.12526666666666667,0.7498
0.15633333333333332,0.5083333333333333,0.3353333333333333
0.136,0.54,0.324
0.2804,0.2564,0.4632
0.22013333333333332,0.2634666666666667,0.5164
0.2926666666666667,0.5638666666666666,0.14346666666666666
0.44133333333333336,0.19366666666666665,0.365
0.7333333333333333,0.058666666666666666,0.208
0.12833333333333333,0.6186666666666667,0.253
0.0732,0.1992,0.7276
0.173,0.101,0.726
0.307,0.25,0.443
0.49666666666666665,0.24346666666666666,0.2598666666666667
0.18786666666666665,0.2212,0.5909333333333333
0.337,0.3368,0.3262
0.10493333333333334,0.1016,0.7934666666666667
0.06266666666666666,0.23813333333333334,0.6992
0.096,0.116,0.788
0.13806666666666667,0.3360666666666667,0.5258666666666667
0.3532,0.4265333333333333,0.22026666666666667
0.198,0.296,0.506
0.2848,0.2776,0.4376
0.14933333333333335,0.5106666666666667,0.34
0.29706666666666665,0.2902666666666667,0.4126666666666667
0.234,0.216,0.55
0.20666666666666667,0.291,0.5023333333333333
0.09,0.117,0.793
0.132,0.128,0.74
0.378,0.16866666666666666,0.4533333333333333
0.45613333333333334,0.10713333333333333,0.4367333333333333
0.3237333333333333,0.27786666666666665,0.3984
0.2206,0.5138,0.2656
0.2294,0.262,0.5086
0.1,0.0,0.9
0.596,0.258,0.146
0.2432,0.2432,0.5136
0.22333333333333333,0.41,0.36666666666666664
0.257,0.159,0.584
0.512,0.072,0.416
0.35586666666666666,0.2976,0.34653333333333336
0.424,0.366,0.21
0.22166666666666668,0.18433333333333332,0.594
0.138,0.32866666666666666,0.5333333333333333
0.1168,0.2674666666666667,0.6157333333333334
0.09,0.21,0.7
0.376,0.324,0.3
0.025,0.025,0.95
0.23,0.23133333333333334,0.5386666666666666
0.27413333333333334,0.22906666666666667,0.4968
0.3132,0.1356,0.5512
0.2118,0.3002,0.488
0.23626666666666668,0.45386666666666664,0.3098666666666667
0.165,0.104,0.731
0.3172,0.2692,0.4136
0.23066666666666666,0.3276,0.4417333333333333
0.018,0.093,0.889
0.2592,0.3504,0.3904
0.2064,0.1994,0.5942
0.2613333333333333,0.21153333333333332,0.5271333333333333
0.41333333333333333,0.2986666666666667,0.288
0.632,0.16,0.208
0.25533333333333336,0.226,0.5186666666666667
0.328,0.263,0.409
0.274,0.13766666666666666,0.5883333333333334
0.5474666666666667,0.0548,0.3977333333333333
0.332,0.19466666666666665,0.47333333333333333
0.1,0.65,0.25
0.04586666666666667,0.25966666666666666,0.6944666666666667
0.21,0.224,0.566
0.35,0.15,0.5
0.37066666666666664,0.16533333333333333,0.464
0.4274,0.2358,0.3368
0.15533333333333332,0.212,0.6326666666666667
0.074,0.736,0.19
0.20626666666666665,0.22613333333333333,0.5676
0.318,0.368,0.314
0.08,0.18,0.74
0.5,0.148,0.352
0.08,0.19,0.73
0.25146666666666667,0.2096,0.5389333333333334
0.2508,0.23873333333333333,0.5104666666666666
0.3568,0.3168,0.3264
0.3293333333333333,0.17666666666666667,0.494
0.305,0.368,0.327
0.1864,0.1604,0.6532
0.267,0.342,0.391
0.202,0.234,0.564
0.42,0.188,0.392
0.112,0.18,0.708
0.11,0.564,0.326
0.216,0.314,0.47
0.24626666666666666,0.2518666666666667,0.5018666666666667
0.214,0.317,0.469
0.472,0.148,0.38
0.31566666666666665,0.27,0.41433333333333333
0.23766666666666666,0.12333333333333334,0.639
0.156,0.084,0.76
0.2522,0.3534,0.3944
0.212,0.1,0.688
0.02666666666666667,0.006666666666666667,0.9666666666666667
0.5433333333333333,0.23666666666666666,0.22
0.154,0.075,0.771
0.5030666666666667,0.21986666666666665,0.2770666666666667
0.3776,0.06293333333333333,0.5594666666666667
0.1782,0.20313333333333333,0.6186666666666667
0.332,0.252,0.416
0.522,0.212,0.266
0.17,0.33,0.5
0.31,0.13666666666666666,0.5533333333333333
0.222,0.296,0.482
0.36,0.06,0.58
0.26486666666666664,0.4208,0.31433333333333335
0.44533333333333336,0.10666666666666667,0.448
0.17333333333333334,0.25,0.5766666666666667
0.1198,0.32966666666666666,0.5505333333333333
0.156,0.378,0.466
0.348,0.24,0.412
0.1076,0.4028,0.4896
0.13626666666666667,0.14253333333333335,0.7212
0.08086666666666667,0.0784,0.8407333333333333
0.2768,0.4124,0.3108
0.2312,0.27773333333333333,0.49106666666666665
0.0852,0.13386666666666666,0.7809333333333334
0.23626666666666668,0.4672,0.2965333333333333
0.01,0.0,0.99
0.355,0.129,0.516
0.054,0.111,0.835
0.474,0.166,0.36
0.16,0.21333333333333335,0.6266666666666667
0.232,0.338,0.43
0.108,0.04466666666666667,0.8473333333333334
0.2568666666666667,0.2242,0.5189333333333334
0.0,0.0,1.0
0.204,0.118,0.678
0.24373333333333333,0.2591333333333333,0.4971333333333333
0.20466666666666666,0.282,0.5133333333333333
0.2548,0.2693333333333333,0.47586666666666666
0.348,0.144,0.508
0.30133333333333334,0.20233333333333334,0.49633333333333335
0.29673333333333335,0.518,0.18526666666666666
0.33066666666666666,0.07733333333333334,0.592
0.335,0.309,0.356
0.236,0.5026666666666667,0.2613333333333333
0.2044,0.30373333333333336,0.4918666666666667
0.288,0.102,0.61
0.3446,0.2398,0.4156
0.1478,0.2348,0.6174
0.4032,0.1672,0.4296
0.0,0.0,1.0
0.118,0.622,0.26
0.6091333333333333,0.12606666666666666,0.2648
0.2816,0.2498,0.4686
0.2904,0.2248,0.4848
0.025066666666666668,0.1092,0.8657333333333334
0.04133333333333333,0.24566666666666667,0.713
0.58,0.08,0.34
0.012,0.484,0.504
0.3082,0.3846,0.3072
0.188,0.072,0.74
0.4384,0.2224,0.3392
0.4666666666666667,0.22786666666666666,0.30546666666666666
0.5926,0.14326666666666665,0.26413333333333333
0.18,0.28,0.54
0.174,0.314,0.512
0.736,0.144,0.12
0.449,0.234,0.317
0.024,0.056,0.92
0.2568,0.2588,0.4844
0.26666666666666666,0.34933333333333333,0.384
0.12,0.14,0.74
0.2658,0.4324,0.3018
0.6581333333333333,0.13746666666666665,0.2044
0.4208,0.2252,0.354
0.10493333333333334,0.2064,0.6886666666666666
0.23306666666666667,0.21746666666666667,0.5494666666666667
0.2226,0.4798,0.2976
0.19633333333333333,0.23,0.5736666666666667
0.29533333333333334,0.44533333333333336,0.25933333333333336
0.102,0.518,0.38
0.245,0.276,0.479
0.108,0.152,0.74
0.396,0.25,0.354
0.21093333333333333,0.6472,0.14186666666666667
0.2638666666666667,0.3924,0.34373333333333334
0.178,0.542,0.28
0.1218,0.2748,0.6034
0.301,0.205,0.494
0.33466666666666667,0.4553333333333333,0.21
0.2044,0.4844,0.3112
0.32666666666666666,0.1916,0.48173333333333335
0.42293333333333333,0.3081333333333333,0.26893333333333336
0.269,0.356,0.375
0.0,0.0,1.0
0.49853333333333333,0.22573333333333334,0.27573333333333333
0.5713333333333334,0.15666666666666668,0.272
0.0996,0.1476,0.7528
0.2324,0.3310666666666667,0.43653333333333333
0.324,0.182,0.494
0.4059333333333333,0.21753333333333333,0.37653333333333333
0.2764,0.24413333333333334,0.47946666666666665
0.4458666666666667,0.22346666666666667,0.33066666666666666
0.05333333333333334,0.07333333333333333,0.8733333333333333
0.2592,0.1662,0.5746
0.388,0.204,0.408
0.136,0.018,0.846
0.3608,0.3188,0.3204
0.23133333333333334,0.24933333333333332,0.5193333333333333
0.0404,0.37706666666666666,0.5825333333333333
0.1496,0.3916,0.4588
0.153,0.613,0.234
0.3296,0.3728,0.2976
0.338,0.354,0.308
0.317,0.297,0.386
0.3092,0.126,0.5648
0.25,0.25,0.5
0.37,0.12333333333333334,0.5066666666666667
0.2892,0.2972,0.4136
0.16973333333333335,0.23193333333333332,0.5983333333333334
0.252,0.458,0.29
0.485,0.24,0.275
0.5106666666666667,0.16333333333333333,0.326
0.2536,0.3888,0.3576
0.094,0.066,0.84
0.09133333333333334,0.08366666666666667,0.825
0.032,0.248,0.72
0.175,0.19933333333333333,0.6256666666666667
0.29346666666666665,0.222,0.4845333333333333
0.2118,0.2604,0.5278
0.044,0.216,0.74
0.2142,0.2154,0.5704
0.23333333333333334,0.21,0.5566666666666666
0.03333333333333333,0.010666666666666666,0.956
0.2496,0.5536,0.1968
0.4076,0.22893333333333332,0.36346666666666666
0.14226666666666668,0.5589333333333333,0.2988
0.3258,0.30006666666666665,0.3741333333333333
0.12053333333333334,0.19746666666666668,0.682
0.21733333333333332,0.3453333333333333,0.43733333333333335
0.189,0.189,0.622
0.010666666666666666,0.07333333333333333,0.916
0.22333333333333333,0.2,0.5766666666666667
0.0,0.0,1.0
0.33853333333333335,0.1644,0.49706666666666666
0.22533333333333333,0.4226666666666667,0.352
0.216,0.088,0.696
0.28,0.04,0.68
0.214,0.412,0.374
0.117,0.126,0.757
0.1112,0.26653333333333334,0.6222666666666666
0.203,0.305,0.492
0.005333333333333333,0.17866666666666667,0.816
0.244,0.22,0.536
0.6454666666666666,0.15626666666666666,0.19826666666666667
0.3893333333333333,0.186,0.4246666666666667
0.648,0.094,0.258
0.375,0.21,0.415
0.3568,0.2902,0.353
0.33866666666666667,0.2853333333333333,0.376
0.4,0.1,0.5
0.176,0.396,0.428
0.2644,0.4168,0.3188
0.3953333333333333,0.22053333333333333,0.3841333333333333
0.0,0.0,1.0
0.28,0.29,0.43
0.09,0.45,0.46
0.06,0.0,0.94
0.1272,0.15386666666666668,0.7189333333333333
0.13333333333333333,0.12666666666666668,0.74
0.206,0.31066666666666665,0.48333333333333334
0.13813333333333333,0.13813333333333333,0.7237333333333333
0.2906666666666667,0.2853333333333333,0.424
0.071,0.291,0.638
0.068,0.7306666666666667,0.20133333333333334
0.292,0.008,0.7
0.15726666666666667,0.4006,0.4421333333333333
0.1784,0.2717333333333333,0.5498666666666666
0.284,0.158,0.558
0.195,0.2068,0.5982
0.17973333333333333,0.3701333333333333,0.45013333333333333
0.286,0.274,0.44
0.434,0.23,0.336
0.442,0.057,0.501
0.2296,0.266,0.5044
0.4693333333333333,0.13066666666666665,0.4
0.294,0.35933333333333334,0.3466666666666667
0.31466666666666665,0.29,0.3953333333333333
0.226,0.358,0.416
0.2783333333333333,0.39666666666666667,0.325
0.3086,0.2746,0.4168
0.3394666666666667,0.28253333333333336,0.378
0.132,0.577,0.291
0.168,0.266,0.566
0.146,0.3293333333333333,0.5246666666666666
0.15306666666666666,0.48906666666666665,0.35786666666666667
0.318,0.22,0.462
0.3274666666666667,0.29,0.38253333333333334
0.27,0.632,0.098
0.2926666666666667,0.23173333333333335,0.4756
0.0688,0.1548,0.7764
0.15666666666666668,0.16333333333333333,0.68
0.37733333333333335,0.13266666666666665,0.49
0.4938,0.2046,0.3016
0.2824,0.3388,0.3788
0.26666666666666666,0.3681333333333333,0.3652
0.34933333333333333,0.23733333333333334,0.41333333333333333
0.0856,0.5808,0.3336
0.3168,0.22346666666666667,0.4597333333333333
0.1966,0.207,0.5964
0.4928,0.1096,0.3976
0.33253333333333335,0.2376,0.4298666666666667
0.2302,0.21206666666666665,0.5577333333333333
0.176,0.2773333333333333,0.5466666666666666
0.5212,0.2444,0.2344
0.016,0.016,0.968
0.12533333333333332,0.076,0.7986666666666666
0.19386666666666666,0.19933333333333333,0.6068
0.3728666666666667,0.24966666666666668,0.3774666666666667
0.096,0.096,0.808
0.4866666666666667,0.21,0.30333333333333334
0.11213333333333333,0.12786666666666666,0.76
0.15,0.34,0.51
0.4428,0.2476,0.3096
0.166,0.208,0.626
0.14933333333333335,0.09866666666666667,0.752
0.16933333333333334,0.10933333333333334,0.7213333333333334
0.376,0.42,0.204
0.2965333333333333,0.13426666666666667,0.5692
0.3,0.0,0.7
0.2608,0.2128,0.5264
0.31333333333333335,0.372,0.31466666666666665
0.16733333333333333,0.12666666666666668,0.706
0.48,0.008,0.512
0.101,0.484,0.415
0.44,0.14,0.42
0.0,0.0,1.0
0.3072,0.3509333333333333,0.34186666666666665
0.062,0.3606666666666667,0.5773333333333334
0.114,0.11566666666666667,0.7703333333333333
0.161,0.333,0.506
0.12813333333333332,0.37346666666666667,0.4984
0.4,0.12266666666666666,0.47733333333333333
0.12213333333333333,0.48106666666666664,0.3968
0.32,0.16,0.52
0.04066666666666666,0.2653333333333333,0.694
0.37633333333333335,0.3028666666666667,0.3208
0.14933333333333335,0.194,0.6566666666666666
0.289,0.262,0.449
0.29,0.262,0.448
0.2664,0.4168,0.3168
0.3372,0.2624,0.4004
0.24693333333333334,0.38653333333333334,0.3665333333333333
0.435,0.27,0.295
0.2598,0.23846666666666666,0.5017333333333334
0.186,0.105,0.709
0.244,0.04,0.716
0.084,0.6192,0.2968
0.358,0.29,0.352
0.214,0.22,0.566
0.33226666666666665,0.25466666666666665,0.4130666666666667
0.33,0.028,0.642
0.3178666666666667,0.1632,0.5189333333333334
0.42,0.346,0.234
0.14433333333333334,0.207,0.6486666666666666
0.093,0.036,0.871
0.074,0.616,0.31
0.605,0.1,0.295
0.3424,0.1252,0.5324
0.3330666666666667,0.13306666666666667,0.5338666666666667
0.13546666666666668,0.30746666666666667,0.5570666666666667
0.4108,0.0816,0.5076
0.14666666666666667,0.04666666666666667,0.8066666666666666
0.12006666666666667,0.08806666666666667,0.7918666666666667
0.2562,0.2832,0.4606
0.396,0.2276,0.3764
0.176,0.592,0.232
0.092,0.312,0.596
0.5024666666666666,0.16073333333333334,0.3368
0.31366666666666665,0.16,0.5263333333333333
0.2652,0.34286666666666665,0.39193333333333336
0.068,0.062,0.87
0.154,0.362,0.484
0.20553333333333335,0.3436,0.4508666666666667
0.3024,0.37533333333333335,0.32226666666666665
0.3032,0.314,0.3828
0.2582,0.3852,0.3566
0.28,0.068,0.652
0.26,0.314,0.426
0.1506,0.155,0.6944
0.067,0.083,0.85
0.12266666666666666,0.31733333333333336,0.56
0.059,0.498,0.443
0.21873333333333334,0.29933333333333334,0.4819333333333333
0.429,0.182,0.389
0.39166666666666666,0.15333333333333332,0.455
0.30333333333333334,0.2670666666666667,0.4296
0.4086666666666667,0.17133333333333334,0.42
0.5568,0.2176,0.2256
0.44506666666666667,0.3330666666666667,0.22186666666666666
0.19746666666666668,0.3977333333333333,0.4048
0.37893333333333334,0.3102666666666667,0.3108
0.226,0.21733333333333332,0.5566666666666666
0.7273333333333334,0.24266666666666667,0.03
0.14093333333333333,0.16393333333333332,0.6951333333333334
0.46,0.024666666666666667,0.5153333333333333
0.28,0.38,0.34
0.19973333333333335,0.5521333333333334,0.24813333333333334
0.32666666666666666,0.02666666666666667,0.6466666666666666
0.254,0.379,0.367
0.6442666666666667,0.21386666666666668,0.14186666666666667
0.498,0.154,0.348
0.27686666666666665,0.31506666666666666,0.4080666666666667
0.26,0.3386,0.4014
0.4176666666666667,0.24633333333333332,0.336
0.334,0.4248,0.2412
0.264,0.208,0.528
0.2574666666666667,0.4090666666666667,0.3334666666666667
0.0,0.0,1.0
0.1852,0.4092,0.4056
0.643,0.14306666666666668,0.21393333333333334
0.25306666666666666,0.27746666666666664,0.46946666666666664
0.223,0.33,0.447
0.30706666666666665,0.2770666666666667,0.41586666666666666
0.108,0.335,0.557
0.1934,0.3342,0.4724
0.5008,0.292,0.2072
0.2806666666666667,0.3542666666666667,0.36506666666666665
0.236,0.22,0.544
0.334,0.291,0.375
0.4104,0.22826666666666667,0.36133333333333334
0.6,0.215,0.185
0.19133333333333333,0.38866666666666666,0.42
0.4434666666666667,0.1674,0.38913333333333333
0.16413333333333333,0.28,0.5558666666666666
0.24413333333333334,0.21493333333333334,0.5409333333333334
0.1628,0.3352,0.502
0.18166666666666667,0.3433333333333333,0.475
0.14533333333333334,0.15546666666666667,0.6992
0.6286666666666667,0.15066666666666667,0.22066666666666668
0.24,0.20533333333333334,0.5546666666666666
0.207,0.283,0.51
0.19033333333333333,0.3522666666666667,0.4574
0.1098,0.0828,0.8074
0.15,0.35,0.5
0.2846666666666667,0.2,0.5153333333333333
0.292,0.226,0.482
0.108,0.06,0.832
0.322,0.314,0.364
0.1978,0.2664666666666667,0.5357333333333333
0.6645333333333333,0.0868,0.24866666666666667
0.194,0.134,0.672
0.17466666666666666,0.2537333333333333,0.5716
0.21466666666666667,0.362,0.42333333333333334
0.246,0.458,0.296
0.28,0.105,0.615
0.27553333333333335,0.3768666666666667,0.3476
0.5268,0.1854,0.2878
0.29686666666666667,0.21226666666666666,0.4908666666666667
0.14666666666666667,0.076,0.7773333333333333
0.06506666666666666,0.1464,0.7885333333333333
0.2648,0.28426666666666667,0.45093333333333335
0.078,0.486,0.436
0.02,0.42,0.56
0.524,0.156,0.32
0.3374666666666667,0.3134,0.34913333333333335
0.07146666666666666,0.42146666666666666,0.5070666666666667
0.26053333333333334,0.28053333333333336,0.45893333333333336
0.21026666666666666,0.42186666666666667,0.3678666666666667
0.1444,0.1044,0.7512
0.33866666666666667,0.36533333333333334,0.296
0.2528,0.3426666666666667,0.40453333333333336
0.3002,0.4616,0.2382
0.27026666666666666,0.16693333333333332,0.5628
0.2713333333333333,0.23533333333333334,0.49333333333333335
0.12426666666666666,0.17226666666666668,0.7034666666666667
0.34186666666666665,0.208,0.45013333333333333
0.1,0.1,0.8
0.221,0.14,0.639
0.5632,0.21653333333333333,0.22026666666666667
0.0474,0.0474,0.9052
0.24653333333333333,0.18226666666666666,0.5712
0.22666666666666666,0.2633333333333333,0.51
0.2690666666666667,0.3004,0.4305333333333333
0.23233333333333334,0.4806666666666667,0.287
0.1088,0.4768,0.4144
0.28426666666666667,0.3402,0.37553333333333333
0.4892,0.2076,0.3032
0.15866666666666668,0.4166666666666667,0.4246666666666667
0.2986666666666667,0.32666666666666666,0.37466666666666665
0.19166666666666668,0.26166666666666666,0.5466666666666666
0.246,0.272,0.482
0.09533333333333334,0.13466666666666666,0.77
0.0,0.0,1.0
0.1216,0.1696,0.7088
0.118,0.41,0.472
0.38393333333333335,0.16853333333333334,0.44753333333333334
0.2134,0.1534,0.6332
0.3808,0.2296,0.3896
0.256,0.33786666666666665,0.40613333333333335
0.285,0.295,0.42
0.248,0.183,0.569
0.7,0.0,0.3
0.3172,0.1236,0.5592
0.279,0.319,0.402
0.46653333333333336,0.12946666666666667,0.404
0.21333333333333335,0.30633333333333335,0.48033333333333333
0.601,0.102,0.297
0.1282,0.2682,0.6036
0.232,0.436,0.332
0.0,0.148,0.852
0.1488,0.3904,0.4608
0.3414,0.47486666666666666,0.18373333333333333
0.1416,0.1596,0.6988
0.194,0.46,0.346
0.2056,0.12693333333333334,0.6674666666666667
0.2650666666666667,0.15853333333333333,0.5764
0.31693333333333334,0.3122666666666667,0.3708
0.472,0.228,0.3
0.225,0.335,0.44
0.532,0.176,0.292
0.27,0.4166666666666667,0.31333333333333335
0.18,0.32,0.5
0.0,0.09866666666666667,0.9013333333333333
0.422,0.32,0.258
0.41606666666666664,0.23086666666666666,0.35306666666666664
0.2384,0.2144,0.5472
0.17946666666666666,0.4846666666666667,0.33586666666666665
0.248,0.16533333333333333,0.5866666666666667
0.108,0.23733333333333334,0.6546666666666666
0.24666666666666667,0.32666666666666666,0.4266666666666667
0.33266666666666667,0.20866666666666667,0.45866666666666667
0.28,0.172,0.548
0.37,0.25,0.38
0.3194,0.3074,0.3732
0.18706666666666666,0.1224,0.6905333333333333
0.213,0.6618,0.1252
0.1304,0.2512,0.6184
0.202,0.42933333333333334,0.36866666666666664
0.25066666666666665,0.21333333333333335,0.536
0.16106666666666666,0.1864,0.6525333333333333
0.302,0.412,0.286
0.173,0.37206666666666666,0.45493333333333336
0.253,0.37,0.377
0.5,0.05,0.45
0.284,0.08,0.636
0.328,0.296,0.376
0.2176,0.25333333333333335,0.5290666666666667
0.2436,0.1592,0.5972
0.4138,0.1968,0.3894
0.16333333333333333,0.21,0.6266666666666667
0.21573333333333333,0.19173333333333334,0.5925333333333334
0.136,0.3293333333333333,0.5346666666666666
0.196,0.259,0.545
0.2773333333333333,0.19133333333333333,0.5313333333333333
0.1702,0.1962,0.6336
0.28,0.26066666666666666,0.4593333333333333
0.09,0.21,0.7
0.09066666666666667,0.11733333333333333,0.792
0.088,0.164,0.748
0.186,0.574,0.24
0.3873333333333333,0.23866666666666667,0.374
0.2154,0.30373333333333336,0.48086666666666666
0.15066666666666667,0.472,0.37733333333333335
0.2164,0.3752,0.4084
0.166,0.392,0.442
0.51,0.3253333333333333,0.16466666666666666
0.5613333333333334,0.09226666666666666,0.3464
0.43146666666666667,0.2554666666666667,0.31306666666666666
0.058666666666666666,0.6416,0.29973333333333335
0.13706666666666667,0.34253333333333336,0.5204
0.0,0.0,1.0
0.124,0.456,0.42
0.5166,0.1358,0.3476
0.34,0.318,0.342
0.2537333333333333,0.3330666666666667,0.4132
0.14533333333333334,0.11866666666666667,0.736
0.438,0.274,0.288
0.27686666666666665,0.3818666666666667,0.34126666666666666
0.4238,0.3741333333333333,0.20206666666666667
0.0,0.1,0.9
0.193,0.2794,0.5276
0.36333333333333334,0.15533333333333332,0.48133333333333334
0.46266666666666667,0.16266666666666665,0.37466666666666665
0.476,0.235,0.289
0.15266666666666667,0.15733333333333333,0.69
0.104,0.104,0.792
0.29733333333333334,0.24186666666666667,0.4608
0.238,0.042,0.72
0.2482,0.3746,0.3772
0.164,0.46,0.376
0.16666666666666666,0.24533333333333332,0.588
0.12673333333333334,0.37073333333333336,0.5025333333333334
0.31466666666666665,0.456,0.22933333333333333
0.34,0.4,0.26
0.3614,0.3082,0.3304
0.796,0.065,0.139
0.08133333333333333,0.072,0.8466666666666667
0.45893333333333336,0.2394,0.3016666666666667
0.2633333333333333,0.198,0.5386666666666666
0.4068,0.2228,0.3704
0.0,0.97,0.03
0.2036,0.4022,0.3942
0.12533333333333332,0.7066666666666667,0.168
0.12,0.4,0.48
0.2966666666666667,0.20933333333333334,0.494
0.23173333333333335,0.24106666666666668,0.5272
0.16666666666666666,0.43093333333333333,0.4024
0.22386666666666666,0.15453333333333333,0.6216
0.512,0.292,0.196
0.0696,0.0526,0.8778
0.375,0.161,0.464
0.26,0.25,0.49
0.168,0.0,0.832
0.17986666666666667,0.084,0.7361333333333333
0.148,0.172,0.68
0.0846,0.0846,0.8308
0.2422,0.5432,0.2146
0.398,0.382,0.22
0.42,0.25133333333333335,0.32866666666666666
0.2683333333333333,0.125,0.6066666666666667
0.17813333333333334,0.156,0.6658666666666667
0.26453333333333334,0.26493333333333335,0.47053333333333336
0.152,0.306,0.542
0.307,0.291,0.402
0.1,0.19733333333333333,0.7026666666666667
0.0,0.0,1.0
0.124,0.345,0.531
0.07333333333333333,0.24,0.6866666666666666
0.16533333333333333,0.21466666666666667,0.62
0.397,0.251,0.352
0.24,0.44,0.32
0.3242,0.3088,0.367
0.18186666666666668,0.3058666666666667,0.5122666666666666
0.132,0.23866666666666667,0.6293333333333333
0.2592,0.5096,0.2312
0.2184,0.35306666666666664,0.4285333333333333
0.272,0.2088,0.5192
0.19333333333333333,0.49833333333333335,0.30833333333333335
0.14666666666666667,0.32666666666666666,0.5266666666666666
0.1096,0.1206,0.7698
0.575,0.06566666666666666,0.35933333333333334
0.224,0.416,0.36
0.18533333333333332,0.3626666666666667,0.452
0.11626666666666667,0.376,0.5077333333333334
0.0986,0.5756,0.3258
0.22093333333333334,0.1984,0.5806666666666667
0.3148,0.4070666666666667,0.27813333333333334
0.34,0.268,0.392
0.14,0.2753333333333333,0.5846666666666667
0.386,0.13,0.484
0.2688,0.1774,0.5538
0.132,0.14533333333333334,0.7226666666666667
0.2653333333333333,0.2889333333333333,0.4457333333333333
0.5093333333333333,0.13733333333333334,0.35333333333333333
0.1666,0.1526,0.6808
0.3872,0.1702,0.4426
0.09466666666666666,0.030666666666666665,0.8746666666666667
0.2936,0.3394666666666667,0.36693333333333333
0.248,0.542,0.21
0.248,0.262,0.49
0.5173333333333333,0.13666666666666666,0.346
0.46213333333333334,0.13346666666666668,0.4044
0.244,0.392,0.364
0.13766666666666666,0.18033333333333335,0.682
0.0,0.0,1.0
0.13,0.34,0.53
0.2036,0.256,0.5404
0.2056,0.3072,0.4872
0.3626666666666667,0.09066666666666667,0.5466666666666666
0.08333333333333333,0.22,0.6966666666666667
0.2,0.3,0.5
0.12166666666666667,0.23766666666666666,0.6406666666666667
0.0,0.2,0.8
0.14333333333333334,0.45466666666666666,0.402
0.3924,0.23906666666666668,0.3685333333333333
0.1488,0.07093333333333333,0.7802666666666667
0.18,0.32,0.5
0.19333333333333333,0.292,0.5146666666666667
0.22866666666666666,0.3506666666666667,0.4206666666666667
0.3354,0.2904,0.3742
0.23066666666666666,0.428,0.3413333333333333
0.138,0.35,0.512
0.25166666666666665,0.29033333333333333,0.458
0.1392,0.3389333333333333,0.5218666666666667
0.2733333333333333,0.25166666666666665,0.475
0.267,0.383,0.35
0.21,0.21,0.58
0.2112,0.3296,0.4592
0.089,0.06733333333333333,0.8436666666666667
0.21,0.09,0.7
0.14466666666666667,0.15866666666666668,0.6966666666666667
0.5328,0.35746666666666665,0.10973333333333334
0.1604,0.38606666666666667,0.45353333333333334
0.096,0.02,0.884
0.26153333333333334,0.23273333333333332,0.5057333333333334
0.10506666666666667,0.0744,0.8205333333333333
0.12,0.432,0.448
0.3976,0.1076,0.4948
0.09,0.322,0.588
0.1664,0.48973333333333335,0.34386666666666665
0.2352,0.3788,0.386
0.22013333333333332,0.1584,0.6214666666666666
0.252,0.256,0.492
0.2892,0.3256,0.3852
0.4402,0.2556,0.3042
0.208,0.212,0.58
0.249,0.3122,0.4388
0.39,0.33,0.28
0.22173333333333334,0.394,0.38426666666666665
0.06,0.0,0.94
0.1768,0.4158,0.4074
0.216,0.074,0.71
0.4885333333333333,0.3138666666666667,0.1976
0.2952,0.3676,0.3372
0.24146666666666666,0.3952,0.36333333333333334
0.21,0.31,0.48
0.297,0.299,0.404
0.486,0.254,0.26
0.14533333333333334,0.42333333333333334,0.43133333333333335
0.1812,0.5916,0.2272
0.2004,0.42013333333333336,0.3794666666666667
0.1586,0.25593333333333335,0.5854666666666667
0.36633333333333334,0.2833333333333333,0.35033333333333333
0.2976666666666667,0.5343333333333333,0.168
0.2613333333333333,0.2592,0.47946666666666665
0.26413333333333333,0.2252,0.5106666666666667
0.158,0.428,0.414
0.30173333333333335,0.2577333333333333,0.44053333333333333
0.271,0.284,0.445
0.40826666666666667,0.18426666666666666,0.40746666666666664
0.162,0.18333333333333332,0.6546666666666666
0.28,0.32,0.4
0.18333333333333332,0.238,0.5786666666666667
0.1532,0.1456,0.7012
0.28813333333333335,0.33266666666666667,0.3792
0.21866666666666668,0.18133333333333335,0.6
0.048,0.152,0.8
0.1974,0.3816,0.421
0.31533333333333335,0.33066666666666666,0.354
0.20213333333333333,0.11946666666666667,0.6784
0.344,0.288,0.368
0.518,0.15133333333333332,0.33066666666666666
0.189,0.213,0.598
0.1196,0.1848,0.6956
0.2966666666666667,0.24333333333333335,0.46
0.12533333333333332,0.23733333333333334,0.6373333333333333
0.1176,0.1416,0.7408
0.02,0.73,0.25
0.36,0.112,0.528
0.45,0.237,0.313
0.1984,0.14106666666666667,0.6605333333333333
0.29333333333333333,0.33266666666666667,0.374
0.13333333333333333,0.013333333333333334,0.8533333333333334
0.29933333333333334,0.16826666666666668,0.5324
0.42406666666666665,0.2564,0.31953333333333334
0.256,0.202,0.542
0.22,0.226,0.554
0.34,0.2884,0.3716
0.2,0.114,0.686
0.264,0.246,0.49
0.177,0.363,0.46
0.015,0.035,0.95
0.364,0.238,0.398
0.2114,0.2114,0.5772
0.25233333333333335,0.37966666666666665,0.368
0.144,0.304,0.552
0.18,0.198,0.622
0.22633333333333333,0.2946666666666667,0.479
0.134,0.452,0.414
0.3958,0.1716,0.4326
0.15193333333333334,0.4000666666666667,0.448
0.22746666666666668,0.2824,0.4901333333333333
0.5445333333333333,0.15226666666666666,0.3032
0.05333333333333334,0.41133333333333333,0.5353333333333333
0.2508,0.2268,0.5224
0.0,0.1,0.9
0.42346666666666666,0.42346666666666666,0.15306666666666666
0.0,0.1,0.9
0.20773333333333333,0.19173333333333334,0.6005333333333334
0.104,0.022,0.874
0.1896,0.3506,0.4598
0.303,0.19,0.507
0.284,0.342,0.374
0.22,0.166,0.614
0.471,0.204,0.325
0.1828,0.254,0.5632
0.43866666666666665,0.10666666666666667,0.45466666666666666
0.18386666666666668,0.36373333333333335,0.4524
0.063,0.063,0.874
0.14,0.48,0.38
0.336,0.236,0.428
0.3433333333333333,0.4766666666666667,0.18
0.126,0.09,0.784
0.24666666666666667,0.4033333333333333,0.35
0.3808,0.26826666666666665,0.3509333333333333
0.22613333333333333,0.38493333333333335,0.38893333333333335
0.38986666666666664,0.2052,0.4049333333333333
0.056,0.006,0.938
0.12693333333333334,0.28453333333333336,0.5885333333333334
0.322,0.2653333333333333,0.4126666666666667
0.02666666666666667,0.128,0.8453333333333334
0.2032,0.21573333333333333,0.5810666666666666
0.19466666666666665,0.172,0.6333333333333333
0.3234666666666667,0.1776,0.49893333333333334
0.247,0.5086,0.2444
0.1232,0.3476,0.5292
0.398,0.116,0.486
0.1452,0.4978,0.357
0.14866666666666667,0.5354666666666666,0.3158666666666667
0.208,0.444,0.348
0.351,0.251,0.398
0.24133333333333334,0.366,0.39266666666666666
0.24666666666666667,0.18866666666666668,0.5646666666666667
0.15173333333333333,0.3312,0.5170666666666667
0.462,0.4046666666666667,0.13333333333333333
0.20713333333333334,0.35486666666666666,0.438
0.458,0.23493333333333333,0.30706666666666665
0.443,0.232,0.325
0.535,0.185,0.28
0.1544,0.2064,0.6392
0.0,0.0,1.0
0.23133333333333334,0.16413333333333333,0.6045333333333334
0.13166666666666665,0.38533333333333336,0.483
0.26966666666666667,0.13233333333333333,0.598
0.066,0.264,0.67
0.44906666666666667,0.3056,0.24533333333333332
0.17773333333333333,0.12026666666666666,0.702
0.08686666666666666,0.2502,0.6629333333333334
0.02,0.016,0.964
0.04666666666666667,0.4533333333333333,0.5
0.303,0.4106666666666667,0.28633333333333333
0.04,0.16,0.8
0.14,0.0,0.86
0.24106666666666668,0.5317333333333333,0.2272
0.278,0.311,0.411
0.23,0.39466666666666667,0.37533333333333335
0.1816,0.2712,0.5472
0.388,0.328,0.284
0.32466666666666666,0.25,0.42533333333333334
0.178,0.3476666666666667,0.47433333333333333
0.3273333333333333,0.32506666666666667,0.3476
0.2424,0.28186666666666665,0.47573333333333334
0.24413333333333334,0.3972,0.3586666666666667
0.048,0.048,0.904
0.31,0.13,0.56
0.179,0.296,0.525
0.1332,0.18186666666666668,0.6849333333333333
0.3333333333333333,0.18666666666666668,0.48
0.32986666666666664,0.42,0.2501333333333333
0.225,0.295,0.48
0.21666666666666667,0.26066666666666666,0.5226666666666666
0.16,0.16,0.68
0.648,0.162,0.19
0.02,0.0,0.98
0.27266666666666667,0.29933333333333334,0.428
0.32266666666666666,0.3642666666666667,0.31306666666666666
0.02,0.084,0.896
0.06,0.012666666666666666,0.9273333333333333
0.3134,0.23513333333333333,0.4514666666666667
0.2632,0.28,0.4568
0.3712,0.2342,0.3946
0.054,0.169,0.777
0.09,0.16,0.75
0.12533333333333332,0.12306666666666667,0.7516
0.072,0.192,0.736
0.0948,0.15446666666666667,0.7507333333333334
0.216,0.277,0.507
0.13333333333333333,0.06666666666666667,0.8
0.106,0.148,0.746
0.5592,0.1908,0.25
0.2538666666666667,0.2813333333333333,0.4648
0.32,0.284,0.396
0.03333333333333333,0.388,0.5786666666666667
0.07853333333333333,0.6378666666666667,0.2836
0.42233333333333334,0.22666666666666666,0.351
0.247,0.237,0.516
0.204,0.2624,0.5336
0.20213333333333333,0.35546666666666665,0.4424
0.1932,0.2426,0.5642
0.347,0.193,0.46
0.08,0.18,0.74
0.224,0.23133333333333334,0.5446666666666666
0.3244,0.2336,0.442
0.22666666666666666,0.49066666666666664,0.2826666666666667
0.4008,0.2388,0.3604
0.186,0.084,0.73
0.33,0.17,0.5
0.2412,0.36946666666666667,0.3893333333333333
0.09533333333333334,0.16266666666666665,0.742
0.1786,0.4304,0.391
0.216,0.2016,0.5824
0.2096,0.19226666666666667,0.5981333333333333
0.205,0.534,0.261
0.4866666666666667,0.0,0.5133333333333333
0.298,0.254,0.448
0.32626666666666665,0.29906666666666665,0.37466666666666665
0.05653333333333333,0.23866666666666667,0.7048
0.268,0.376,0.356
0.3586666666666667,0.34,0.30133333333333334
0.3632,0.4356,0.2012
0.43,0.1836,0.3864
0.15,0.1,0.75
0.44766666666666666,0.16766666666666666,0.38466666666666666
0.11466666666666667,0.48933333333333334,0.396
0.2082,0.279,0.5128
0.418,0.276,0.306
0.184,0.22066666666666668,0.5953333333333334
0.35186666666666666,0.25806666666666667,0.3900666666666667
0.42386666666666667,0.21613333333333334,0.36
0.271,0.262,0.467
0.252,0.314,0.434
0.064,0.024,0.912
0.52,0.16,0.32
0.361,0.211,0.428
0.478,0.18666666666666668,0.3353333333333333
0.296,0.305,0.399
0.294,0.236,0.47
0.07,0.57,0.36
0.17766666666666667,0.315,0.5073333333333333
0.3082666666666667,0.28053333333333336,0.4112
0.144,0.24,0.616
0.2,0.56,0.24
0.38866666666666666,0.21966666666666668,0.39166666666666666
0.22953333333333334,0.2246,0.5458666666666666
0.31466666666666665,0.36133333333333334,0.324
0.216,0.52,0.264
0.22866666666666666,0.34513333333333335,0.4262
0.164,0.468,0.368
0.1088,0.1888,0.7024
0.1888,0.07866666666666666,0.7325333333333334
0.27,0.18,0.55
0.21373333333333333,0.27013333333333334,0.5161333333333333
0.1384,0.1374,0.7242
0.198,0.24,0.562
0.418,0.337,0.245
0.288,0.213,0.499
0.058,0.556,0.386
0.244,0.24933333333333332,0.5066666666666667
0.3307333333333333,0.27553333333333335,0.3937333333333333
0.4,0.0,0.6
0.2668,0.3964,0.3368
0.077,0.455,0.468
0.1488,0.1528,0.6984
0.184,0.152,0.664
0.294,0.19533333333333333,0.5106666666666667
0.3334666666666667,0.35373333333333334,0.3128
0.1476,0.4146666666666667,0.4377333333333333
0.1622,0.17833333333333334,0.6594666666666666
0.01,0.651,0.339
0.1934,0.4644,0.3422
0.188,0.192,0.62
0.212,0.456,0.332
0.2148,0.46,0.3252
0.2028,0.6288,0.1684
0.39266666666666666,0.28586666666666666,0.3214666666666667
0.20766666666666667,0.3273333333333333,0.465
0.2456,0.3368,0.4176
0.22066666666666668,0.3874666666666667,0.39186666666666664
0.1412,0.33066666666666666,0.5281333333333333
0.587,0.114,0.299
0.21,0.216,0.574
0.2996,0.2972,0.4032
0.44766666666666666,0.248,0.30433333333333334
0.0,0.28,0.72
0.5202,0.2234,0.2564
0.2102,0.3996,0.3902
0.206,0.18026666666666666,0.6137333333333334
0.2938,0.4212,0.285
0.2378,0.2178,0.5444
0.14286666666666667,0.1992,0.6579333333333334
0.3188,0.3516,0.3296
0.37646666666666667,0.25193333333333334,0.3716
0.20053333333333334,0.19646666666666668,0.603
0.1188,0.2348,0.6464
0.189,0.195,0.616
0.3797333333333333,0.36,0.26026666666666665
0.28813333333333335,0.25206666666666666,0.4598
0.5214,0.17486666666666667,0.30373333333333336
0.0,0.08,0.92
0.31893333333333335,0.3058666666666667,0.3752
0.1532,0.5050666666666667,0.34173333333333333
0.20133333333333334,0.456,0.3426666666666667
0.054,0.054,0.892
0.349,0.279,0.372
0.4563333333333333,0.163,0.38066666666666665
0.124,0.236,0.64
0.296,0.16533333333333333,0.5386666666666666
0.2813333333333333,0.2616,0.4570666666666667
0.2648,0.32826666666666665,0.4069333333333333
0.528,0.332,0.14
0.36,0.29,0.35
0.2713333333333333,0.4,0.32866666666666666
0.2796666666666667,0.555,0.16533333333333333
0.46626666666666666,0.12893333333333334,0.4048
0.5728,0.1448,0.2824
0.62,0.08,0.3
0.208,0.372,0.42
0.3453333333333333,0.1,0.5546666666666666
0.49,0.09,0.42
0.3,0.368,0.332
0.08,0.08,0.84
0.536,0.154,0.31
0.22,0.358,0.422
0.315,0.165,0.52
0.46773333333333333,0.25146666666666667,0.2808
0.244,0.236,0.52
0.312,0.336,0.352
0.326,0.232,0.442
0.18606666666666666,0.1904,0.6235333333333334
0.34326666666666666,0.2258,0.43093333333333333
0.1416,0.0516,0.8068
0.2968,0.216,0.4872
0.312,0.188,0.5
0.1636,0.2736,0.5628
0.6244,0.08893333333333334,0.2866666666666667
0.354,0.234,0.412
0.1,0.5,0.4
0.06,0.54,0.4
0.275,0.05,0.675
0.31666666666666665,0.18333333333333332,0.5
0.19,0.075,0.735
0.1776,0.1456,0.6768
0.4448,0.1844,0.3708
0.5115333333333333,0.21373333333333333,0.27473333333333333
0.27666666666666667,0.18466666666666667,0.5386666666666666
0.11,0.63,0.26
0.2576,0.3056,0.4368
0.2773333333333333,0.42133333333333334,0.30133333333333334
0.28,0.38533333333333336,0.33466666666666667
0.21,0.15666666666666668,0.6333333333333333
0.5728,0.2008,0.2264
0.22453333333333333,0.2813333333333333,0.4941333333333333
0.16,0.59,0.25
0.092,0.0,0.908
0.4726666666666667,0.17133333333333334,0.356
0.1196,0.07793333333333333,0.8024666666666667
0.316,0.098,0.586
0.05,0.45,0.5
0.23333333333333334,0.22,0.5466666666666666
0.17666666666666667,0.36333333333333334,0.46
0.255,0.2088,0.5362
0.2733333333333333,0.19466666666666665,0.532
0.4216,0.2448,0.3336
0.24,0.464,0.296
0.13333333333333333,0.12,0.7466666666666667
0.26,0.168,0.572
0.33,0.404,0.266
0.24533333333333332,0.35733333333333334,0.3973333333333333
0.30966666666666665,0.298,0.3923333333333333
0.2492,0.2946,0.4562
0.36546666666666666,0.11686666666666666,0.5176666666666667
0.1212,0.23826666666666665,0.6405333333333333
0.40066666666666667,0.37933333333333336,0.22
0.21906666666666666,0.33413333333333334,0.4468
0.3926,0.3598,0.2476
0.1476,0.2924,0.56
0.21,0.31,0.48
0.2624,0.2624,0.4752
0.31093333333333334,0.33666666666666667,0.3524
0.18,0.20266666666666666,0.6173333333333333
0.06666666666666667,0.35,0.5833333333333334
0.1974,0.2552,0.5474
0.39613333333333334,0.23206666666666667,0.3718
0.29533333333333334,0.16266666666666665,0.542
0.2663333333333333,0.31466666666666665,0.419
0.3526666666666667,0.3177333333333333,0.3296
0.3274666666666667,0.3041333333333333,0.3684
0.231,0.162,0.607
0.5042666666666666,0.19666666666666666,0.29906666666666665
0.1874,0.2816,0.531
0.078,0.094,0.828
0.17066666666666666,0.4496,0.3797333333333333
0.38,0.375,0.245
0.274,0.22693333333333332,0.49906666666666666
0.086,0.007333333333333333,0.9066666666666666
0.2,0.048,0.752
0.32,0.164,0.516
