T1,T2,T3
"(0,(3,(1,2)));","(0,(1,(2,3)));","(0,(2,(1,3)));"
0.302,0.352,0.346
0.271,0.217,0.512
0.253,0.368,0.378
0.314,0.417,0.269
0.352,0.334,0.314
0.337,0.204,0.458
0.302,0.358,0.341
0.181,0.52,0.299
0.324,0.367,0.31
0.199,0.567,0.234
0.422,0.359,0.22
0.355,0.373,0.272
0.32,0.096,0.584
0.233,0.217,0.55
0.348,0.37,0.283
0.392,0.292,0.316
0.307,0.363,0.331
0.469,0.217,0.314
0.311,0.316,0.372
0.358,0.309,0.333
0.383,0.316,0.301
0.2,0.575,0.225
0.271,0.367,0.362
0.394,0.308,0.298
0.293,0.371,0.336
0.248,0.334,0.418
0.29,0.4,0.31
0.396,0.393,0.211
0.252,0.502,0.246
0.255,0.344,0.401
0.277,0.379,0.344
0.28,0.436,0.284
0.448,0.188,0.365
0.256,0.411,0.333
0.272,0.488,0.24
0.325,0.397,0.278
0.308,0.424,0.267
0.325,0.382,0.293
0.438,0.241,0.321
0.303,0.42,0.277
0.12,0.57,0.31
0.316,0.287,0.397
0.597,0.26,0.143
0.262,0.466,0.272
0.286,0.482,0.232
0.361,0.424,0.216
0.289,0.37,0.341
0.237,0.529,0.234
0.292,0.333,0.376
0.214,0.519,0.267
0.361,0.266,0.373
0.39,0.201,0.41
0.25,0.422,0.328
0.304,0.322,0.374
0.287,0.411,0.302
0.292,0.253,0.455
0.278,0.414,0.308
0.291,0.318,0.391
0.346,0.331,0.323
0.439,0.283,0.278
0.287,0.461,0.252
0.318,0.37,0.312
0.371,0.424,0.205
0.452,0.302,0.246
0.255,0.516,0.229
0.334,0.355,0.31
0.335,0.375,0.29
0.345,0.346,0.309
0.474,0.314,0.212
0.222,0.514,0.264
0.23,0.544,0.226
0.252,0.431,0.318
0.335,0.45,0.216
0.302,0.307,0.391
0.202,0.37,0.428
0.451,0.292,0.257
0.231,0.406,0.363
0.257,0.392,0.352
0.301,0.324,0.375
0.296,0.375,0.329
0.35,0.426,0.224
0.438,0.312,0.25
0.213,0.548,0.239
0.156,0.417,0.426
0.348,0.326,0.326
0.278,0.431,0.291
0.27,0.317,0.413
0.347,0.509,0.144
0.297,0.441,0.263
0.591,0.23,0.178
0.267,0.377,0.356
0.307,0.277,0.416
0.297,0.405,0.298
0.329,0.419,0.252
0.18,0.539,0.281
0.257,0.365,0.378
0.395,0.287,0.318
0.308,0.335,0.357
0.407,0.321,0.271
0.313,0.34,0.346
0.263,0.426,0.312
0.223,0.451,0.326
0.194,0.52,0.287
0.325,0.409,0.266
0.359,0.366,0.276
0.379,0.302,0.319
0.59,0.274,0.135
0.413,0.303,0.284
0.328,0.339,0.333
0.296,0.281,0.423
0.369,0.406,0.225
0.559,0.269,0.171
0.371,0.358,0.271
0.19,0.417,0.393
0.196,0.619,0.185
0.326,0.27,0.404
0.27,0.412,0.318
0.286,0.591,0.123
0.39,0.262,0.348
0.325,0.407,0.268
0.186,0.444,0.37
0.397,0.297,0.306
0.273,0.44,0.286
0.331,0.319,0.35
0.245,0.286,0.469
0.325,0.376,0.3
0.449,0.298,0.253
0.235,0.499,0.266
0.542,0.242,0.216
0.313,0.389,0.298
0.363,0.308,0.33
0.285,0.431,0.284
0.299,0.35,0.35
0.287,0.265,0.448
0.314,0.325,0.361
0.323,0.302,0.375
0.249,0.485,0.266
0.569,0.196,0.235
0.499,0.228,0.272
0.336,0.372,0.291
0.227,0.421,0.353
0.301,0.414,0.285
0.252,0.344,0.405
0.503,0.236,0.261
0.395,0.211,0.394
0.281,0.328,0.391
0.413,0.289,0.298
0.397,0.292,0.311
0.241,0.323,0.436
0.363,0.286,0.35
0.282,0.388,0.33
0.377,0.2,0.423
0.394,0.343,0.264
0.297,0.411,0.292
0.262,0.372,0.366
0.333,0.288,0.378
0.256,0.478,0.266
0.331,0.441,0.229
0.386,0.307,0.307
0.322,0.341,0.337
0.3,0.356,0.345
0.316,0.271,0.412
0.323,0.355,0.322
0.311,0.385,0.304
0.304,0.361,0.334
0.295,0.396,0.309
0.231,0.381,0.388
0.377,0.345,0.278
0.382,0.279,0.339
0.269,0.396,0.335
0.423,0.271,0.306
0.312,0.395,0.292
0.326,0.211,0.463
0.337,0.29,0.373
0.296,0.385,0.32
0.262,0.503,0.235
0.294,0.285,0.42
0.324,0.453,0.223
0.297,0.339,0.364
0.257,0.426,0.317
0.324,0.278,0.398
0.274,0.541,0.186
0.321,0.388,0.29
0.239,0.342,0.419
0.378,0.15,0.472
0.253,0.354,0.393
0.308,0.401,0.291
0.284,0.442,0.273
0.354,0.339,0.307
0.188,0.481,0.331
0.259,0.334,0.407
0.284,0.391,0.325
0.329,0.36,0.312
0.275,0.298,0.427
0.478,0.323,0.199
0.373,0.31,0.317
0.298,0.455,0.247
0.379,0.303,0.318
0.265,0.408,0.326
0.323,0.328,0.348
0.162,0.426,0.412
0.487,0.27,0.243
0.25,0.488,0.262
0.224,0.291,0.485
0.254,0.263,0.483
0.492,0.25,0.258
0.332,0.35,0.318
0.345,0.317,0.338
0.345,0.354,0.301
0.458,0.301,0.241
0.256,0.365,0.379
0.31,0.32,0.37
0.272,0.22,0.507
0.495,0.296,0.208
0.328,0.475,0.197
0.449,0.254,0.297
0.258,0.398,0.344
0.29,0.322,0.388
0.333,0.451,0.216
0.31,0.427,0.263
0.371,0.226,0.403
0.272,0.325,0.403
0.332,0.339,0.328
0.27,0.336,0.393
0.172,0.592,0.236
0.367,0.314,0.319
0.233,0.465,0.303
0.303,0.402,0.295
0.356,0.157,0.487
0.3,0.304,0.396
0.29,0.416,0.294
0.292,0.399,0.309
0.296,0.385,0.319
0.328,0.454,0.217
0.424,0.308,0.268
0.246,0.468,0.286
0.284,0.393,0.324
0.352,0.325,0.323
0.31,0.324,0.366
0.186,0.208,0.606
0.414,0.336,0.25
0.298,0.323,0.379
0.4,0.254,0.346
0.258,0.324,0.418
0.331,0.353,0.316
0.298,0.378,0.324
0.319,0.361,0.32
0.426,0.246,0.328
0.322,0.416,0.263
0.246,0.368,0.386
0.302,0.472,0.226
0.253,0.512,0.235
0.458,0.284,0.258
0.293,0.427,0.28
0.244,0.413,0.343
0.316,0.352,0.333
0.355,0.392,0.253
0.36,0.375,0.265
0.228,0.542,0.231
0.334,0.371,0.295
0.187,0.468,0.345
0.268,0.334,0.398
0.28,0.404,0.315
0.436,0.273,0.291
0.438,0.327,0.234
0.318,0.502,0.179
0.464,0.34,0.195
0.26,0.484,0.256
0.283,0.428,0.289
0.285,0.38,0.334
0.274,0.337,0.389
0.319,0.379,0.303
0.369,0.308,0.323
0.172,0.319,0.509
0.304,0.361,0.335
0.148,0.296,0.556
0.274,0.419,0.307
0.373,0.311,0.316
0.375,0.241,0.384
0.372,0.272,0.356
0.329,0.402,0.269
0.242,0.383,0.375
0.31,0.33,0.361
0.34,0.34,0.321
0.495,0.265,0.24
0.263,0.414,0.323
0.331,0.361,0.309
0.227,0.326,0.448
0.408,0.281,0.311
0.42,0.283,0.298
0.358,0.397,0.245
0.248,0.351,0.401
0.246,0.245,0.509
0.328,0.447,0.224
0.288,0.442,0.271
0.364,0.376,0.26
0.23,0.307,0.463
0.335,0.23,0.435
0.266,0.411,0.323
0.27,0.332,0.398
0.48,0.331,0.189
0.34,0.38,0.28
0.296,0.355,0.349
0.212,0.34,0.448
0.318,0.372,0.311
0.369,0.248,0.383
0.309,0.336,0.355
0.456,0.268,0.276
0.388,0.3,0.311
0.358,0.365,0.278
0.484,0.238,0.278
0.312,0.383,0.304
0.299,0.301,0.4
0.242,0.436,0.322
0.369,0.329,0.302
0.33,0.2,0.47
0.297,0.379,0.324
0.544,0.243,0.213
0.387,0.308,0.305
0.349,0.332,0.319
0.19,0.658,0.152
0.208,0.426,0.365
0.275,0.513,0.212
0.352,0.301,0.347
0.358,0.404,0.238
0.328,0.362,0.31
0.243,0.44,0.317
0.329,0.284,0.388
0.376,0.419,0.205
0.248,0.38,0.371
0.303,0.313,0.384
0.298,0.388,0.314
0.418,0.241,0.341
0.298,0.35,0.351
0.191,0.633,0.176
0.329,0.299,0.372
0.268,0.376,0.357
0.224,0.644,0.132
0.311,0.334,0.354
0.354,0.433,0.213
0.331,0.33,0.339
0.263,0.442,0.295
0.285,0.29,0.425
0.307,0.367,0.326
0.38,0.291,0.329
0.288,0.321,0.392
0.36,0.408,0.231
0.363,0.414,0.224
0.323,0.442,0.236
0.571,0.174,0.255
0.434,0.259,0.306
0.352,0.376,0.272
0.21,0.56,0.23
0.326,0.33,0.344
0.338,0.356,0.306
0.296,0.523,0.181
0.213,0.524,0.263
0.284,0.456,0.26
0.256,0.394,0.35
0.275,0.364,0.361
0.254,0.5,0.246
0.252,0.684,0.064
0.319,0.329,0.352
0.29,0.452,0.258
0.362,0.316,0.321
0.223,0.551,0.226
0.235,0.494,0.271
0.363,0.246,0.391
0.168,0.514,0.318
0.375,0.298,0.327
0.402,0.311,0.288
0.41,0.344,0.246
0.231,0.496,0.273
0.294,0.326,0.38
0.3,0.392,0.308
0.295,0.4,0.306
0.225,0.303,0.472
0.334,0.294,0.372
0.316,0.35,0.334
0.253,0.268,0.48
0.274,0.379,0.347
0.33,0.295,0.376
0.32,0.389,0.291
0.44,0.309,0.251
0.389,0.272,0.34
0.337,0.345,0.318
0.251,0.466,0.284
0.376,0.208,0.416
0.429,0.242,0.329
0.359,0.363,0.278
0.342,0.324,0.334
0.249,0.335,0.416
0.268,0.418,0.314
0.331,0.245,0.424
0.432,0.29,0.278
0.344,0.347,0.309
0.287,0.436,0.277
0.302,0.287,0.411
0.195,0.555,0.25
0.349,0.279,0.372
0.234,0.357,0.409
0.325,0.378,0.297
0.347,0.442,0.212
0.277,0.417,0.306
0.261,0.364,0.375
0.264,0.366,0.37
0.351,0.309,0.34
0.274,0.36,0.366
0.335,0.388,0.277
0.297,0.304,0.399
0.321,0.4,0.279
0.279,0.391,0.33
0.345,0.214,0.441
0.315,0.291,0.395
0.245,0.468,0.286
0.238,0.252,0.51
0.378,0.302,0.32
0.328,0.254,0.418
0.325,0.371,0.304
0.276,0.446,0.278
0.4,0.267,0.333
0.269,0.316,0.415
0.33,0.411,0.26
0.252,0.471,0.277
0.284,0.446,0.269
0.406,0.297,0.297
0.331,0.342,0.327
0.35,0.256,0.393
0.313,0.34,0.347
0.407,0.334,0.259
0.384,0.226,0.389
0.302,0.36,0.338
0.321,0.418,0.261
0.152,0.396,0.453
0.428,0.346,0.226
0.349,0.298,0.353
0.283,0.344,0.373
0.391,0.386,0.223
0.332,0.397,0.271
0.334,0.314,0.352
0.453,0.225,0.322
0.21,0.341,0.45
0.315,0.419,0.266
0.289,0.318,0.392
0.381,0.261,0.358
0.264,0.391,0.345
0.368,0.358,0.274
0.136,0.72,0.145
0.244,0.531,0.225
0.294,0.358,0.348
0.266,0.454,0.28
0.257,0.466,0.277
0.438,0.381,0.18
0.316,0.354,0.33
0.325,0.318,0.357
0.297,0.323,0.38
0.341,0.43,0.229
0.361,0.301,0.338
0.43,0.288,0.282
0.34,0.392,0.267
0.36,0.352,0.288
0.308,0.311,0.382
0.319,0.34,0.341
0.328,0.433,0.239
0.396,0.346,0.259
0.279,0.476,0.244
0.396,0.256,0.348
0.408,0.316,0.276
0.279,0.307,0.414
0.29,0.276,0.434
0.456,0.227,0.318
0.455,0.264,0.281
0.281,0.456,0.263
0.355,0.34,0.306
0.324,0.338,0.338
0.327,0.455,0.218
0.284,0.268,0.448
0.145,0.591,0.264
0.295,0.38,0.325
0.29,0.464,0.246
0.353,0.258,0.389
0.427,0.291,0.281
0.286,0.369,0.345
0.343,0.35,0.307
0.278,0.345,0.377
0.393,0.301,0.305
0.243,0.456,0.302
0.353,0.32,0.327
0.202,0.531,0.266
0.335,0.332,0.333
0.376,0.271,0.353
0.365,0.325,0.31
0.29,0.307,0.403
0.292,0.462,0.245
0.354,0.36,0.286
0.276,0.296,0.428
0.161,0.625,0.214
0.289,0.194,0.517
0.466,0.345,0.189
0.315,0.276,0.409
0.315,0.382,0.303
0.32,0.308,0.372
0.299,0.438,0.262
0.303,0.38,0.317
0.322,0.298,0.38
0.406,0.325,0.27
0.268,0.379,0.353
0.274,0.429,0.297
0.361,0.354,0.284
0.299,0.312,0.389
0.278,0.263,0.459
0.318,0.256,0.426
0.307,0.379,0.314
0.262,0.421,0.317
0.265,0.366,0.368
0.377,0.282,0.341
0.315,0.324,0.361
0.133,0.346,0.521
0.179,0.333,0.489
0.317,0.436,0.247
0.249,0.265,0.485
0.407,0.3,0.294
0.308,0.424,0.268
0.428,0.296,0.276
0.385,0.363,0.253
0.245,0.228,0.527
0.289,0.378,0.333
0.278,0.454,0.268
0.321,0.331,0.348
0.303,0.292,0.405
0.346,0.305,0.349
0.434,0.296,0.27
0.41,0.239,0.352
0.256,0.37,0.374
0.292,0.282,0.426
0.297,0.388,0.314
0.233,0.536,0.231
0.262,0.395,0.343
0.51,0.315,0.175
0.477,0.273,0.251
0.266,0.456,0.278
0.336,0.393,0.271
0.215,0.385,0.4
0.256,0.484,0.259
0.283,0.31,0.407
0.389,0.361,0.25
0.39,0.208,0.402
0.557,0.185,0.258
0.356,0.434,0.209
0.345,0.309,0.346
0.284,0.338,0.377
0.411,0.341,0.248
0.404,0.208,0.389
0.162,0.551,0.286
0.5,0.191,0.309
0.321,0.386,0.293
0.287,0.389,0.324
0.267,0.347,0.386
0.213,0.402,0.385
0.259,0.407,0.334
0.288,0.367,0.345
0.392,0.344,0.264
0.261,0.476,0.263
0.273,0.369,0.357
0.295,0.353,0.352
0.329,0.296,0.375
0.213,0.419,0.368
0.317,0.359,0.324
0.25,0.405,0.345
0.304,0.373,0.323
0.318,0.386,0.297
0.303,0.329,0.368
0.102,0.511,0.387
0.353,0.4,0.248
0.187,0.534,0.279
0.227,0.279,0.494
0.235,0.309,0.456
0.427,0.205,0.368
0.367,0.395,0.237
0.286,0.251,0.463
0.461,0.308,0.231
0.335,0.275,0.39
0.375,0.323,0.302
0.23,0.496,0.274
0.263,0.371,0.366
0.338,0.409,0.253
0.269,0.232,0.499
0.265,0.27,0.465
0.299,0.342,0.36
0.33,0.356,0.314
0.271,0.329,0.4
0.283,0.392,0.325
0.289,0.313,0.398
0.233,0.541,0.226
0.37,0.322,0.307
0.362,0.328,0.31
0.399,0.313,0.288
0.172,0.471,0.356
0.451,0.318,0.232
0.269,0.306,0.425
0.407,0.281,0.312
0.34,0.291,0.368
0.291,0.475,0.234
0.272,0.479,0.25
0.277,0.538,0.185
0.368,0.328,0.304
0.398,0.267,0.335
0.221,0.541,0.238
0.353,0.325,0.322
0.255,0.475,0.27
0.272,0.344,0.384
0.388,0.32,0.291
0.429,0.224,0.346
0.345,0.317,0.338
0.304,0.331,0.365
0.289,0.41,0.301
0.406,0.263,0.331
0.427,0.283,0.291
0.321,0.418,0.261
0.365,0.274,0.361
0.252,0.498,0.25
0.253,0.484,0.263
0.271,0.276,0.453
0.284,0.381,0.335
0.328,0.366,0.306
0.352,0.46,0.189
0.296,0.399,0.305
0.228,0.407,0.365
0.372,0.28,0.347
0.297,0.448,0.255
0.446,0.249,0.305
0.333,0.277,0.39
0.282,0.386,0.332
0.262,0.429,0.309
0.192,0.235,0.573
0.332,0.308,0.359
0.367,0.357,0.276
0.179,0.282,0.54
0.406,0.323,0.271
0.346,0.29,0.364
0.163,0.484,0.353
0.499,0.291,0.21
0.254,0.38,0.366
0.31,0.358,0.332
0.298,0.271,0.431
0.473,0.298,0.229
0.34,0.273,0.387
0.356,0.443,0.2
0.336,0.355,0.309
0.622,0.232,0.146
0.289,0.337,0.374
0.335,0.399,0.266
0.223,0.499,0.278
0.337,0.359,0.304
0.334,0.337,0.329
0.199,0.646,0.155
0.312,0.369,0.319
0.323,0.312,0.365
0.279,0.432,0.289
0.288,0.291,0.422
0.378,0.32,0.302
0.286,0.465,0.25
0.261,0.48,0.259
0.321,0.304,0.374
0.416,0.333,0.251
0.223,0.561,0.216
0.517,0.244,0.239
0.38,0.335,0.285
0.26,0.414,0.326
0.283,0.481,0.236
0.168,0.597,0.234
0.32,0.329,0.351
0.32,0.448,0.232
0.255,0.249,0.496
0.273,0.463,0.264
0.278,0.428,0.294
0.263,0.402,0.336
0.363,0.323,0.314
0.483,0.265,0.252
0.284,0.46,0.257
0.314,0.179,0.507
0.284,0.405,0.311
0.343,0.337,0.321
0.305,0.35,0.345
0.273,0.42,0.307
0.252,0.489,0.258
0.245,0.497,0.258
0.218,0.564,0.219
0.426,0.199,0.375
0.38,0.35,0.27
0.347,0.348,0.305
0.315,0.294,0.392
0.558,0.294,0.148
0.362,0.32,0.319
0.407,0.192,0.401
0.416,0.256,0.327
0.284,0.302,0.414
0.344,0.385,0.271
0.267,0.489,0.244
0.275,0.446,0.28
0.417,0.234,0.349
0.461,0.339,0.2
0.321,0.421,0.258
0.215,0.532,0.253
0.25,0.341,0.408
0.174,0.593,0.233
0.308,0.396,0.296
0.497,0.244,0.259
0.359,0.351,0.29
0.285,0.382,0.333
0.451,0.286,0.263
0.226,0.431,0.343
0.295,0.486,0.219
0.267,0.435,0.298
0.258,0.447,0.295
0.322,0.444,0.234
0.413,0.439,0.148
0.46,0.32,0.22
0.42,0.381,0.2
0.365,0.396,0.239
0.244,0.229,0.527
0.299,0.339,0.362
0.258,0.53,0.212
0.243,0.504,0.253
0.289,0.412,0.299
0.305,0.515,0.18
0.268,0.316,0.416
0.319,0.378,0.303
0.37,0.377,0.253
0.312,0.405,0.282
0.23,0.469,0.301
0.265,0.362,0.373
0.42,0.301,0.279
0.318,0.224,0.458
0.476,0.26,0.264
0.192,0.582,0.226
0.321,0.326,0.353
0.337,0.34,0.323
0.415,0.264,0.321
0.368,0.362,0.27
0.214,0.295,0.492
0.304,0.296,0.401
0.37,0.233,0.397
0.344,0.306,0.349
0.322,0.359,0.32
0.297,0.437,0.266
0.332,0.299,0.369
0.332,0.4,0.268
0.439,0.291,0.27
0.283,0.31,0.407
0.362,0.325,0.313
0.197,0.468,0.334
0.271,0.288,0.442
0.367,0.306,0.327
0.255,0.373,0.372
0.334,0.336,0.33
0.332,0.293,0.375
0.196,0.541,0.263
0.486,0.436,0.078
0.319,0.329,0.352
0.255,0.376,0.369
0.248,0.542,0.21
0.421,0.343,0.236
0.25,0.477,0.273
0.286,0.363,0.351
0.309,0.31,0.381
0.238,0.4,0.361
0.286,0.392,0.322
0.263,0.331,0.406
0.254,0.558,0.188
0.345,0.39,0.265
0.278,0.387,0.334
0.399,0.337,0.264
0.318,0.314,0.368
0.328,0.428,0.244
0.301,0.378,0.32
0.221,0.554,0.225
0.346,0.395,0.259
0.36,0.344,0.296
0.353,0.395,0.252
0.225,0.444,0.331
0.233,0.522,0.244
0.241,0.314,0.445
0.394,0.318,0.288
0.297,0.407,0.296
0.247,0.479,0.273
0.344,0.367,0.289
0.402,0.283,0.316
0.435,0.286,0.279
0.311,0.403,0.286
0.427,0.316,0.258
0.19,0.485,0.325
0.24,0.519,0.241
0.444,0.224,0.331
0.33,0.322,0.348
0.308,0.342,0.35
0.248,0.495,0.258
0.285,0.274,0.441
0.218,0.244,0.537
0.284,0.37,0.347
0.414,0.253,0.333
0.379,0.226,0.395
0.259,0.382,0.359
0.24,0.28,0.479
0.3,0.292,0.408
0.426,0.303,0.272
0.26,0.284,0.456
0.3,0.37,0.33
0.276,0.41,0.314
0.294,0.426,0.28
0.192,0.646,0.162
0.295,0.274,0.431
0.327,0.367,0.306
0.334,0.415,0.251
0.316,0.302,0.382
0.213,0.43,0.356
0.327,0.437,0.236
0.307,0.344,0.349
0.254,0.216,0.53
0.312,0.283,0.405
0.262,0.356,0.382
0.342,0.328,0.33
0.364,0.371,0.266
0.241,0.33,0.429
0.328,0.362,0.311
0.239,0.459,0.303
0.486,0.286,0.228
0.292,0.347,0.361
0.318,0.335,0.347
0.422,0.274,0.303
0.235,0.293,0.472
0.238,0.51,0.252
0.263,0.318,0.419
0.362,0.313,0.325
0.356,0.368,0.276
0.302,0.294,0.403
0.29,0.369,0.341
0.207,0.356,0.437
0.262,0.524,0.214
0.294,0.394,0.312
0.441,0.451,0.108
0.349,0.278,0.373
0.277,0.268,0.454
0.319,0.42,0.261
0.251,0.313,0.436
0.226,0.234,0.54
0.54,0.21,0.25
0.583,0.225,0.193
0.253,0.33,0.417
0.402,0.318,0.28
0.312,0.432,0.256
0.339,0.389,0.272
0.334,0.337,0.329
0.197,0.612,0.191
0.368,0.318,0.314
0.296,0.386,0.318
0.323,0.332,0.345
0.279,0.544,0.177
0.292,0.484,0.224
0.429,0.335,0.236
0.367,0.3,0.333
0.285,0.386,0.329
0.343,0.314,0.344
0.304,0.32,0.376
0.328,0.256,0.416
0.26,0.457,0.282
0.275,0.35,0.376
0.256,0.366,0.378
0.306,0.502,0.192
0.305,0.458,0.237
0.284,0.244,0.472
0.355,0.35,0.295
0.271,0.439,0.291
0.354,0.156,0.49
0.286,0.356,0.357
0.413,0.208,0.379
0.316,0.391,0.293
0.364,0.266,0.371
0.32,0.286,0.394
0.302,0.226,0.472
0.273,0.483,0.243
0.529,0.222,0.249
0.402,0.282,0.316
0.326,0.421,0.253
0.294,0.388,0.319
0.259,0.478,0.262
0.393,0.326,0.281
0.275,0.222,0.503
0.296,0.421,0.283
0.345,0.432,0.223
0.436,0.299,0.265
0.36,0.335,0.305
0.261,0.36,0.379
0.386,0.302,0.313
0.37,0.31,0.32
0.175,0.501,0.324
0.305,0.338,0.357
0.577,0.206,0.217
0.314,0.437,0.249
0.225,0.537,0.238
0.394,0.374,0.232
0.231,0.504,0.265
0.312,0.336,0.352
0.236,0.522,0.242
0.293,0.5,0.207
0.26,0.462,0.278
0.272,0.453,0.275
0.276,0.338,0.386
0.3,0.432,0.269
0.286,0.296,0.418
0.299,0.411,0.29
0.516,0.256,0.228
0.215,0.316,0.469
0.256,0.38,0.364
0.32,0.283,0.397
0.302,0.284,0.414
0.33,0.338,0.332
0.297,0.196,0.507
0.429,0.333,0.238
0.384,0.284,0.332
0.368,0.448,0.184
0.294,0.405,0.301
0.289,0.351,0.36
0.265,0.55,0.185
0.353,0.241,0.406
0.281,0.325,0.393
0.207,0.3,0.494
0.235,0.418,0.347
0.373,0.38,0.248
0.301,0.335,0.364
0.307,0.355,0.338
0.416,0.28,0.305
0.405,0.317,0.277
0.344,0.318,0.338
0.422,0.289,0.289
0.272,0.463,0.264
0.338,0.309,0.353
0.344,0.321,0.335
0.327,0.294,0.379
0.478,0.312,0.211
0.327,0.351,0.322
0.302,0.331,0.367
0.581,0.22,0.199
0.254,0.344,0.402
0.283,0.359,0.358
0.296,0.327,0.377
0.372,0.323,0.305
0.357,0.368,0.275
0.269,0.306,0.425
0.345,0.317,0.339
0.312,0.306,0.382
0.479,0.26,0.26
0.421,0.332,0.247
0.245,0.257,0.498
0.275,0.438,0.287
0.353,0.242,0.405
0.357,0.376,0.267
0.32,0.342,0.338
0.368,0.353,0.279
0.252,0.319,0.429
0.255,0.394,0.351
0.293,0.357,0.35
0.295,0.466,0.24
0.284,0.441,0.275
0.358,0.32,0.322
0.348,0.375,0.277
0.302,0.46,0.238
0.452,0.27,0.278
0.47,0.293,0.236
0.27,0.485,0.245
0.362,0.32,0.318
0.24,0.283,0.478
0.153,0.571,0.276
0.242,0.39,0.368
0.39,0.346,0.264
0.383,0.317,0.3
0.249,0.561,0.19
0.29,0.361,0.349
0.308,0.268,0.424
0.277,0.358,0.365
0.269,0.304,0.427
0.283,0.393,0.324
0.296,0.438,0.266
0.33,0.331,0.339
0.296,0.375,0.329
0.403,0.306,0.291
0.321,0.351,0.328
0.314,0.36,0.326
0.285,0.364,0.351
0.28,0.487,0.233
0.414,0.313,0.272
0.257,0.463,0.28
0.255,0.344,0.4
0.327,0.314,0.359
0.334,0.436,0.231
0.384,0.422,0.194
0.329,0.383,0.288
0.288,0.456,0.255
0.362,0.343,0.296
0.141,0.528,0.331
0.246,0.462,0.291
0.292,0.315,0.393
0.329,0.296,0.376
0.146,0.254,0.6
0.311,0.372,0.317
0.245,0.287,0.469
0.358,0.408,0.234
0.553,0.263,0.184
0.3,0.575,0.125
0.344,0.348,0.308
0.418,0.214,0.368
0.346,0.372,0.282
0.178,0.446,0.376
0.286,0.337,0.377
0.312,0.354,0.334
0.266,0.237,0.497
0.304,0.361,0.336
0.307,0.457,0.236
0.323,0.348,0.329
0.182,0.566,0.252
0.263,0.282,0.456
0.366,0.315,0.32
0.356,0.352,0.292
0.444,0.285,0.271
0.4,0.385,0.216
0.224,0.345,0.431
0.057,0.881,0.061
0.45,0.236,0.314
0.32,0.35,0.33
0.235,0.443,0.322
0.321,0.407,0.272
0.32,0.272,0.408
0.333,0.37,0.297
0.278,0.387,0.336
0.236,0.262,0.502
0.324,0.499,0.177
0.469,0.369,0.162
0.304,0.422,0.275
0.201,0.653,0.146
0.289,0.307,0.404
0.352,0.352,0.297
0.244,0.363,0.393
0.236,0.483,0.281
0.224,0.494,0.282
0.283,0.504,0.213
0.325,0.33,0.345
0.314,0.359,0.328
0.432,0.444,0.124
0.256,0.441,0.304
0.322,0.338,0.34
0.229,0.509,0.263
0.335,0.267,0.398
0.296,0.329,0.375
0.372,0.366,0.262
0.284,0.418,0.298
0.161,0.176,0.664
0.315,0.408,0.278
0.274,0.455,0.271
0.172,0.543,0.285
0.263,0.372,0.365
0.385,0.37,0.245
0.333,0.281,0.386
0.17,0.451,0.379
0.377,0.275,0.348
0.317,0.373,0.31
0.338,0.284,0.378
0.249,0.456,0.296
0.343,0.321,0.336
0.521,0.206,0.272
0.239,0.383,0.378
0.335,0.226,0.439
0.313,0.356,0.331
0.247,0.22,0.533
0.319,0.293,0.388
0.267,0.532,0.201
0.286,0.379,0.335
0.217,0.578,0.205
0.191,0.591,0.218
0.264,0.336,0.4
0.311,0.329,0.36
0.316,0.343,0.341
0.264,0.304,0.431
0.4,0.307,0.293
0.241,0.48,0.28
0.255,0.48,0.266
0.581,0.224,0.196
0.213,0.538,0.249
0.251,0.426,0.323
0.343,0.297,0.36
0.112,0.306,0.582
0.233,0.476,0.291
0.402,0.205,0.393
0.344,0.321,0.335
0.4,0.376,0.224
0.247,0.415,0.339
0.198,0.4,0.402
0.181,0.504,0.315
0.26,0.39,0.35
0.335,0.325,0.34
0.284,0.383,0.333
0.338,0.385,0.276
0.427,0.239,0.334
0.388,0.318,0.294
0.32,0.351,0.329
0.355,0.248,0.398
0.296,0.385,0.319
0.468,0.346,0.185
0.315,0.357,0.327
0.284,0.452,0.264
0.238,0.301,0.461
0.338,0.383,0.28
0.277,0.352,0.371
0.271,0.322,0.407
0.21,0.318,0.472
0.3,0.356,0.343
0.319,0.334,0.348
0.305,0.336,0.358
0.331,0.2,0.468
0.385,0.281,0.334
0.391,0.367,0.242
0.34,0.394,0.266
0.57,0.191,0.239
0.261,0.486,0.252
0.302,0.339,0.359
0.26,0.443,0.297
0.28,0.376,0.344
0.233,0.457,0.31
0.27,0.152,0.578
0.25,0.368,0.382
0.335,0.321,0.344
0.365,0.35,0.284
0.177,0.622,0.201
0.255,0.334,0.411
0.32,0.42,0.26
0.314,0.323,0.362
0.288,0.374,0.338
0.27,0.477,0.254
0.224,0.33,0.446
0.44,0.327,0.233
0.323,0.393,0.284
0.324,0.455,0.221
0.328,0.399,0.273
0.363,0.372,0.265
0.295,0.469,0.236
0.455,0.286,0.259
0.359,0.255,0.387
0.207,0.314,0.479
0.326,0.362,0.312
0.228,0.428,0.344
0.337,0.35,0.314
0.266,0.318,0.417
0.265,0.285,0.45
0.37,0.264,0.366
0.381,0.323,0.296
0.212,0.514,0.274
0.327,0.438,0.235
0.303,0.362,0.335
0.243,0.316,0.441
0.305,0.334,0.361
0.196,0.53,0.275
0.226,0.561,0.214
0.124,0.299,0.576
0.442,0.252,0.305
0.451,0.308,0.241
0.351,0.339,0.31
0.275,0.358,0.367
0.328,0.374,0.298
0.43,0.298,0.272
0.594,0.244,0.162
0.23,0.413,0.357
0.377,0.269,0.354
0.452,0.285,0.263
0.393,0.344,0.262
0.353,0.369,0.278
0.173,0.673,0.154
0.253,0.408,0.339
0.251,0.398,0.351
0.418,0.21,0.372
0.541,0.242,0.217
0.213,0.589,0.198
0.375,0.297,0.328
0.296,0.38,0.324
0.258,0.247,0.495
0.256,0.299,0.445
0.2,0.572,0.228
0.255,0.332,0.413
0.313,0.388,0.299
0.359,0.334,0.307
0.142,0.47,0.388
0.408,0.415,0.177
0.427,0.343,0.23
0.335,0.357,0.308
0.293,0.42,0.287
0.264,0.366,0.37
0.436,0.269,0.294
0.358,0.36,0.282
0.401,0.343,0.256
0.353,0.433,0.214
0.308,0.37,0.322
0.27,0.302,0.428
0.292,0.298,0.41
0.317,0.393,0.29
0.663,0.182,0.155
0.425,0.244,0.331
0.328,0.441,0.231
0.302,0.332,0.367
0.334,0.411,0.254
0.31,0.377,0.313
0.288,0.342,0.37
0.375,0.237,0.388
0.344,0.321,0.334
0.375,0.337,0.288
0.331,0.352,0.318
0.354,0.357,0.288
0.303,0.38,0.317
0.443,0.255,0.302
0.313,0.312,0.375
0.364,0.188,0.448
0.405,0.323,0.272
0.441,0.279,0.28
0.267,0.417,0.316
0.247,0.397,0.356
0.318,0.358,0.324
0.302,0.286,0.412
0.311,0.372,0.318
0.318,0.352,0.331
0.328,0.39,0.282
0.41,0.346,0.244
0.311,0.467,0.222
0.376,0.316,0.308
0.214,0.2,0.586
0.241,0.497,0.262
0.273,0.481,0.246
0.226,0.345,0.428
0.349,0.374,0.277
0.326,0.27,0.403
0.324,0.257,0.419
0.285,0.33,0.385
0.269,0.441,0.29
0.257,0.505,0.238
0.505,0.296,0.199
0.332,0.354,0.313
0.382,0.295,0.322
0.335,0.26,0.405
0.311,0.347,0.343
0.277,0.415,0.307
0.28,0.466,0.254
0.24,0.456,0.304
0.295,0.334,0.37
0.424,0.317,0.259
0.219,0.534,0.247
0.291,0.558,0.151
0.299,0.364,0.337
0.303,0.366,0.331
0.292,0.386,0.322
0.286,0.311,0.404
0.26,0.412,0.327
0.206,0.584,0.21
0.357,0.317,0.326
0.366,0.378,0.257
0.242,0.381,0.377
0.283,0.347,0.37
0.297,0.252,0.451
0.244,0.358,0.398
0.334,0.458,0.209
0.299,0.315,0.386
0.339,0.374,0.287
0.389,0.298,0.313
0.343,0.279,0.378
0.346,0.293,0.361
0.13,0.295,0.575
0.312,0.344,0.344
0.265,0.35,0.385
0.336,0.313,0.351
0.361,0.302,0.337
0.303,0.291,0.405
0.306,0.336,0.358
0.292,0.382,0.326
0.288,0.516,0.196
0.35,0.382,0.268
0.396,0.301,0.303
0.372,0.483,0.145
0.3,0.423,0.277
0.199,0.536,0.265
0.295,0.371,0.334
0.262,0.367,0.371
0.256,0.421,0.322
0.285,0.41,0.305
0.372,0.376,0.252
0.381,0.231,0.388
0.283,0.344,0.373
0.235,0.229,0.536
0.327,0.37,0.303
0.347,0.389,0.264
0.463,0.317,0.219
0.287,0.344,0.369
0.265,0.274,0.461
0.41,0.242,0.348
0.287,0.229,0.485
0.294,0.501,0.205
0.348,0.336,0.316
0.268,0.502,0.229
0.394,0.38,0.227
0.317,0.276,0.407
0.278,0.273,0.449
0.375,0.379,0.245
0.402,0.372,0.226
0.425,0.258,0.317
0.435,0.362,0.204
0.642,0.164,0.194
0.346,0.24,0.414
0.417,0.262,0.321
0.381,0.385,0.233
0.166,0.721,0.113
0.477,0.288,0.235
0.229,0.444,0.328
0.466,0.246,0.288
0.241,0.496,0.263
0.241,0.448,0.311
0.327,0.347,0.326
0.274,0.285,0.442
0.288,0.406,0.306
0.285,0.438,0.277
0.298,0.341,0.36
0.333,0.254,0.412
0.464,0.283,0.253
0.274,0.347,0.378
0.332,0.282,0.387
0.24,0.472,0.288
0.406,0.337,0.257
0.239,0.314,0.447
0.23,0.539,0.231
0.384,0.258,0.358
0.199,0.37,0.431
0.415,0.302,0.283
0.405,0.336,0.259
0.358,0.33,0.311
0.286,0.365,0.349
0.365,0.358,0.277
0.321,0.43,0.249
0.222,0.547,0.23
0.337,0.316,0.347
0.208,0.639,0.153
0.335,0.337,0.329
0.28,0.426,0.294
0.261,0.366,0.373
0.363,0.344,0.293
0.305,0.397,0.298
0.273,0.436,0.29
0.383,0.371,0.247
0.21,0.384,0.406
0.274,0.469,0.257
0.231,0.387,0.382
0.262,0.446,0.292
0.366,0.308,0.326
0.362,0.4,0.238
0.326,0.33,0.344
0.325,0.371,0.304
0.293,0.225,0.482
0.244,0.396,0.36
0.405,0.212,0.383
0.31,0.46,0.23
0.37,0.313,0.316
0.401,0.305,0.294
0.282,0.27,0.448
0.278,0.389,0.333
0.323,0.314,0.363
0.248,0.457,0.294
0.284,0.233,0.483
0.292,0.414,0.294
0.306,0.381,0.312
0.442,0.283,0.275
0.272,0.513,0.214
0.274,0.272,0.453
0.178,0.354,0.468
0.401,0.313,0.286
0.253,0.268,0.48
0.262,0.388,0.35
0.362,0.38,0.258
0.312,0.351,0.337
0.247,0.423,0.33
0.267,0.44,0.293
0.315,0.315,0.37
0.447,0.249,0.304
0.327,0.326,0.348
0.323,0.38,0.297
0.303,0.328,0.369
0.236,0.37,0.394
0.442,0.31,0.249
0.289,0.334,0.376
0.257,0.343,0.4
0.313,0.273,0.414
0.205,0.495,0.3
0.411,0.312,0.276
0.462,0.258,0.28
0.243,0.467,0.29
0.274,0.344,0.382
0.404,0.294,0.302
0.343,0.367,0.289
0.317,0.393,0.29
0.414,0.312,0.274
0.249,0.329,0.422
0.208,0.547,0.244
0.255,0.252,0.493
0.2,0.218,0.582
0.66,0.144,0.196
0.404,0.368,0.228
0.305,0.315,0.38
0.418,0.285,0.297
0.23,0.409,0.362
0.32,0.279,0.401
0.302,0.332,0.366
0.294,0.358,0.347
0.205,0.46,0.335
0.318,0.374,0.308
0.31,0.37,0.32
0.341,0.362,0.297
0.503,0.275,0.222
0.332,0.361,0.306
0.26,0.406,0.334
0.397,0.276,0.326
0.446,0.318,0.236
0.427,0.325,0.248
0.236,0.492,0.271
0.302,0.407,0.292
0.365,0.284,0.351
0.353,0.366,0.281
0.333,0.367,0.3
0.385,0.323,0.292
0.317,0.301,0.382
0.257,0.358,0.385
0.276,0.385,0.339
0.273,0.428,0.299
0.234,0.41,0.356
0.339,0.363,0.298
0.407,0.303,0.29
0.38,0.28,0.34
0.208,0.503,0.289
0.341,0.303,0.356
0.294,0.394,0.312
0.336,0.385,0.279
0.261,0.464,0.274
0.291,0.352,0.357
0.298,0.476,0.226
0.307,0.425,0.268
0.325,0.268,0.407
0.302,0.416,0.282
0.231,0.441,0.329
0.414,0.307,0.279
0.326,0.355,0.319
0.313,0.416,0.271
0.422,0.298,0.28
0.43,0.354,0.216
0.31,0.385,0.305
0.268,0.28,0.453
0.235,0.392,0.373
0.258,0.33,0.412
0.407,0.319,0.275
0.419,0.267,0.314
0.249,0.392,0.359
0.3,0.411,0.288
0.319,0.364,0.317
0.351,0.375,0.274
0.288,0.34,0.372
0.298,0.427,0.274
0.316,0.403,0.281
0.212,0.582,0.207
0.315,0.499,0.187
0.38,0.329,0.291
0.212,0.299,0.49
0.267,0.381,0.352
0.252,0.449,0.3
0.326,0.31,0.364
0.287,0.241,0.472
0.255,0.355,0.39
0.288,0.461,0.251
0.431,0.334,0.235
0.359,0.391,0.25
0.249,0.407,0.344
0.292,0.305,0.403
0.375,0.318,0.308
0.315,0.391,0.294
0.322,0.314,0.364
0.348,0.34,0.312
0.319,0.421,0.26
0.222,0.399,0.379
0.352,0.309,0.34
0.315,0.409,0.275
0.308,0.385,0.307
0.258,0.26,0.482
0.339,0.343,0.318
0.448,0.311,0.241
0.309,0.355,0.336
0.267,0.243,0.489
0.253,0.449,0.298
0.301,0.414,0.284
0.415,0.319,0.267
0.394,0.349,0.256
0.455,0.266,0.279
0.27,0.378,0.352
0.433,0.291,0.276
0.376,0.314,0.31
0.353,0.259,0.388
0.392,0.32,0.288
0.31,0.374,0.316
0.304,0.277,0.419
0.298,0.436,0.267
0.34,0.428,0.232
0.23,0.353,0.416
0.247,0.469,0.284
0.441,0.28,0.28
0.257,0.395,0.348
0.178,0.524,0.298
0.436,0.356,0.208
0.338,0.383,0.279
0.286,0.382,0.332
0.314,0.386,0.3
0.382,0.284,0.334
0.359,0.347,0.295
0.334,0.344,0.322
0.354,0.332,0.313
0.45,0.262,0.288
0.224,0.439,0.337
0.384,0.387,0.23
0.452,0.265,0.283
0.304,0.366,0.33
0.319,0.305,0.377
0.272,0.311,0.417
0.334,0.372,0.293
0.294,0.35,0.356
0.323,0.405,0.272
0.331,0.344,0.325
0.26,0.488,0.252
0.325,0.293,0.383
0.351,0.401,0.248
0.294,0.347,0.36
0.204,0.326,0.47
0.095,0.472,0.434
0.222,0.526,0.251
0.303,0.43,0.267
0.322,0.383,0.294
0.386,0.299,0.314
0.304,0.42,0.276
0.42,0.246,0.334
0.2,0.495,0.305
0.315,0.35,0.335
0.256,0.354,0.39
0.308,0.376,0.316
0.344,0.348,0.308
0.172,0.697,0.131
0.299,0.269,0.432
0.317,0.221,0.462
0.412,0.26,0.328
0.381,0.319,0.3
0.468,0.247,0.285
0.385,0.322,0.293
0.151,0.636,0.213
0.355,0.339,0.306
0.191,0.332,0.477
0.31,0.344,0.346
0.258,0.388,0.354
0.254,0.353,0.393
0.473,0.196,0.331
0.292,0.46,0.248
0.305,0.259,0.436
0.278,0.369,0.353
0.294,0.271,0.434
0.412,0.329,0.259
0.434,0.268,0.298
0.242,0.513,0.245
0.193,0.582,0.224
0.322,0.322,0.356
0.283,0.399,0.318
0.344,0.308,0.348
0.354,0.342,0.304
0.257,0.435,0.309
0.264,0.456,0.28
0.528,0.225,0.247
0.267,0.431,0.302
0.252,0.473,0.275
0.328,0.33,0.342
0.324,0.473,0.203
0.297,0.455,0.248
0.333,0.356,0.311
0.21,0.626,0.164
0.244,0.419,0.337
0.276,0.376,0.348
0.27,0.406,0.324
0.237,0.282,0.481
0.268,0.345,0.386
0.294,0.331,0.376
0.341,0.391,0.268
0.21,0.48,0.31
0.294,0.312,0.394
0.35,0.431,0.219
0.368,0.337,0.296
0.289,0.457,0.254
0.363,0.366,0.271
0.33,0.394,0.277
0.39,0.345,0.266
0.277,0.444,0.279
0.164,0.336,0.5
0.387,0.35,0.263
0.27,0.338,0.392
0.33,0.29,0.38
0.284,0.306,0.41
0.41,0.262,0.328
0.333,0.37,0.297
0.17,0.552,0.278
0.305,0.346,0.349
0.332,0.394,0.274
0.285,0.467,0.248
0.278,0.405,0.317
0.188,0.547,0.265
0.258,0.458,0.284
0.271,0.405,0.324
0.347,0.418,0.236
0.448,0.288,0.264
0.261,0.458,0.28
0.328,0.287,0.385
0.348,0.386,0.266
0.277,0.436,0.287
0.331,0.343,0.326
0.509,0.249,0.242
0.28,0.41,0.31
0.245,0.491,0.263
0.39,0.293,0.317
0.288,0.394,0.318
0.31,0.314,0.375
0.356,0.224,0.419
0.343,0.33,0.327
0.304,0.326,0.37
0.3,0.372,0.328
0.304,0.453,0.243
0.271,0.355,0.375
0.552,0.208,0.24
0.28,0.45,0.27
0.208,0.575,0.216
0.451,0.287,0.262
0.421,0.232,0.347
0.353,0.339,0.308
0.367,0.297,0.336
0.484,0.236,0.28
0.279,0.159,0.562
0.287,0.408,0.305
0.309,0.371,0.32
0.46,0.212,0.328
0.287,0.461,0.252
0.43,0.314,0.255
0.306,0.353,0.341
0.426,0.385,0.189
0.257,0.392,0.351
0.291,0.404,0.306
0.199,0.542,0.259
0.433,0.238,0.329
0.278,0.412,0.31
0.311,0.352,0.336
0.384,0.226,0.39
0.366,0.371,0.263
0.219,0.455,0.326
0.284,0.385,0.33
0.335,0.368,0.297
0.309,0.386,0.305
0.337,0.39,0.273
0.374,0.388,0.238
0.414,0.283,0.303
0.19,0.582,0.228
0.361,0.307,0.332
0.172,0.6,0.228
0.347,0.282,0.371
0.282,0.321,0.397
0.406,0.253,0.341
0.133,0.596,0.272
0.584,0.226,0.19
0.31,0.387,0.303
0.458,0.253,0.289
0.152,0.588,0.261
0.229,0.382,0.39
0.333,0.368,0.298
0.278,0.337,0.385
0.284,0.368,0.348
0.312,0.245,0.443
0.263,0.376,0.361
0.321,0.399,0.281
0.346,0.389,0.265
0.215,0.405,0.38
0.374,0.299,0.327
0.368,0.347,0.285
0.333,0.316,0.351
0.2,0.52,0.281
0.352,0.398,0.25
0.188,0.638,0.174
0.345,0.281,0.374
0.296,0.294,0.41
0.253,0.243,0.504
0.385,0.314,0.301
0.237,0.494,0.269
0.524,0.282,0.194
0.152,0.561,0.287
0.294,0.33,0.377
0.497,0.257,0.246
0.274,0.445,0.28
0.428,0.298,0.275
0.294,0.483,0.223
0.316,0.379,0.305
0.377,0.42,0.203
0.304,0.403,0.293
0.256,0.41,0.333
0.218,0.383,0.398
0.261,0.358,0.381
0.333,0.347,0.32
0.392,0.326,0.282
0.265,0.327,0.408
0.326,0.374,0.3
0.242,0.46,0.298
0.239,0.518,0.243
0.376,0.324,0.3
0.371,0.214,0.415
0.411,0.294,0.294
0.199,0.557,0.244
0.219,0.524,0.257
0.278,0.455,0.267
0.284,0.255,0.461
0.282,0.351,0.367
0.421,0.374,0.205
0.329,0.39,0.28
0.305,0.247,0.448
0.235,0.454,0.311
0.246,0.258,0.496
0.42,0.341,0.238
0.334,0.276,0.39
0.275,0.407,0.317
0.286,0.453,0.261
0.268,0.49,0.242
0.228,0.447,0.325
0.308,0.364,0.328
0.25,0.452,0.298
0.29,0.424,0.286
0.328,0.4,0.273
0.34,0.393,0.267
0.236,0.437,0.327
0.131,0.597,0.272
0.417,0.288,0.296
0.269,0.356,0.375
0.334,0.36,0.305
0.256,0.352,0.392
0.343,0.355,0.303
0.434,0.248,0.318
0.232,0.443,0.325
0.159,0.647,0.194
0.274,0.371,0.355
0.362,0.334,0.305
0.293,0.348,0.359
0.339,0.426,0.235
0.457,0.317,0.226
0.286,0.377,0.338
0.261,0.469,0.271
0.196,0.647,0.156
0.31,0.398,0.292
0.285,0.346,0.369
0.231,0.565,0.204
0.259,0.408,0.333
0.345,0.324,0.331
0.273,0.273,0.454
0.309,0.452,0.24
0.311,0.449,0.24
0.172,0.42,0.407
0.455,0.289,0.256
0.318,0.328,0.354
0.412,0.305,0.283
0.264,0.471,0.265
0.22,0.297,0.483
0.303,0.356,0.34
0.345,0.287,0.368
0.265,0.385,0.35
0.143,0.677,0.18
0.274,0.471,0.255
0.325,0.438,0.237
0.264,0.492,0.244
0.21,0.506,0.283
0.411,0.295,0.294
0.291,0.505,0.205
0.445,0.274,0.28
0.448,0.335,0.217
0.42,0.311,0.269
0.229,0.269,0.502
0.237,0.513,0.25
0.372,0.414,0.214
0.258,0.535,0.207
0.331,0.379,0.29
0.32,0.404,0.276
0.308,0.407,0.285
0.22,0.608,0.172
0.356,0.28,0.364
0.229,0.324,0.448
0.262,0.247,0.492
0.284,0.312,0.404
0.449,0.297,0.254
0.345,0.336,0.318
0.267,0.435,0.298
0.325,0.313,0.362
0.341,0.37,0.288
0.29,0.466,0.244
0.305,0.292,0.403
0.323,0.405,0.272
0.354,0.25,0.396
0.223,0.388,0.389
0.517,0.285,0.198
0.287,0.449,0.265
0.414,0.348,0.238
0.253,0.289,0.459
0.139,0.637,0.223
0.283,0.386,0.33
0.326,0.329,0.345
0.378,0.356,0.266
0.343,0.302,0.355
0.441,0.292,0.267
0.334,0.434,0.232
0.287,0.35,0.363
0.276,0.468,0.256
0.331,0.324,0.345
0.377,0.29,0.334
0.243,0.39,0.367
0.271,0.413,0.316
0.282,0.499,0.219
0.448,0.208,0.344
0.29,0.368,0.343
0.197,0.412,0.391
0.289,0.454,0.257
0.316,0.4,0.283
0.205,0.545,0.25
0.334,0.285,0.38
0.191,0.419,0.389
0.26,0.407,0.333
0.279,0.311,0.41
0.384,0.272,0.344
0.284,0.15,0.565
0.221,0.485,0.294
0.4,0.292,0.308
0.293,0.405,0.302
0.257,0.454,0.289
0.228,0.328,0.444
0.239,0.343,0.418
0.262,0.442,0.296
0.139,0.707,0.154
0.185,0.274,0.541
0.332,0.356,0.312
0.194,0.606,0.2
0.35,0.271,0.379
0.451,0.325,0.224
0.458,0.198,0.344
0.292,0.427,0.282
0.361,0.312,0.328
0.287,0.394,0.319
0.402,0.322,0.276
0.248,0.489,0.263
0.237,0.394,0.369
0.366,0.261,0.373
0.316,0.407,0.277
0.411,0.422,0.167
0.277,0.382,0.341
0.368,0.308,0.324
0.413,0.279,0.308
0.346,0.41,0.243
0.347,0.256,0.397
0.242,0.519,0.24
0.181,0.636,0.182
0.296,0.414,0.29
0.31,0.389,0.301
0.302,0.337,0.361
0.258,0.45,0.292
0.351,0.42,0.228
0.217,0.291,0.492
0.336,0.323,0.342
0.29,0.203,0.506
0.453,0.236,0.311
0.203,0.373,0.423
0.33,0.362,0.308
0.435,0.264,0.302
0.157,0.469,0.374
0.354,0.363,0.283
0.405,0.262,0.334
0.333,0.33,0.337
0.314,0.39,0.296
0.292,0.375,0.333
0.455,0.238,0.307
0.325,0.337,0.338
0.25,0.378,0.372
0.258,0.451,0.291
0.322,0.391,0.287
0.145,0.651,0.204
0.323,0.324,0.353
0.301,0.462,0.236
0.324,0.252,0.423
0.426,0.314,0.261
0.144,0.324,0.532
0.251,0.302,0.447
0.234,0.48,0.286
0.266,0.428,0.306
0.358,0.467,0.174
0.348,0.374,0.278
0.352,0.285,0.363
0.263,0.502,0.235
0.298,0.349,0.353
0.293,0.396,0.311
0.363,0.286,0.351
0.429,0.232,0.339
0.207,0.442,0.351
0.443,0.233,0.324
0.267,0.491,0.243
0.479,0.355,0.166
0.301,0.39,0.309
0.342,0.313,0.344
0.382,0.348,0.27
0.256,0.387,0.357
0.316,0.422,0.262
0.189,0.237,0.574
0.185,0.673,0.142
0.24,0.544,0.216
0.286,0.303,0.411
0.267,0.479,0.254
0.469,0.122,0.409
0.379,0.378,0.243
0.302,0.32,0.378
0.293,0.365,0.342
0.179,0.398,0.423
0.344,0.356,0.3
0.269,0.25,0.481
0.36,0.268,0.373
0.359,0.345,0.296
0.278,0.539,0.183
0.396,0.302,0.301
0.336,0.352,0.312
0.124,0.65,0.226
0.287,0.428,0.285
0.345,0.269,0.386
0.323,0.375,0.302
0.343,0.368,0.289
0.286,0.422,0.292
0.359,0.275,0.366
0.279,0.368,0.353
0.229,0.465,0.306
0.283,0.331,0.386
0.289,0.351,0.36
0.319,0.419,0.262
0.292,0.346,0.362
0.229,0.338,0.433
0.337,0.377,0.286
0.424,0.293,0.283
0.426,0.282,0.293
0.324,0.311,0.365
0.322,0.323,0.355
0.341,0.359,0.3
0.325,0.316,0.359
0.279,0.497,0.224
0.279,0.337,0.384
0.381,0.335,0.285
0.315,0.278,0.407
0.509,0.164,0.327
0.19,0.516,0.294
0.392,0.35,0.258
0.437,0.321,0.242
0.29,0.238,0.472
0.445,0.249,0.306
0.119,0.509,0.372
0.385,0.39,0.224
0.338,0.366,0.296
0.178,0.577,0.245
0.319,0.466,0.215
0.539,0.182,0.278
0.256,0.436,0.308
0.224,0.318,0.458
0.281,0.413,0.306
0.396,0.356,0.248
0.288,0.463,0.249
0.356,0.312,0.332
0.268,0.408,0.324
0.297,0.372,0.331
0.309,0.344,0.347
0.246,0.585,0.169
0.313,0.358,0.329
0.282,0.362,0.357
0.193,0.321,0.486
0.511,0.257,0.232
0.328,0.342,0.33
0.323,0.368,0.308
0.363,0.239,0.398
0.277,0.468,0.255
0.336,0.342,0.322
0.3,0.277,0.422
0.288,0.29,0.422
0.31,0.265,0.425
0.295,0.322,0.382
0.39,0.277,0.334
0.221,0.259,0.52
0.384,0.339,0.276
0.251,0.534,0.215
0.308,0.36,0.332
0.172,0.65,0.178
0.339,0.489,0.172
0.328,0.335,0.337
0.321,0.373,0.306
0.352,0.367,0.282
0.172,0.618,0.21
0.381,0.385,0.235
0.371,0.366,0.263
0.286,0.216,0.498
0.291,0.359,0.35
0.309,0.343,0.348
0.338,0.302,0.36
0.266,0.312,0.422
0.373,0.291,0.336
0.246,0.411,0.343
0.296,0.305,0.399
0.318,0.376,0.306
0.242,0.506,0.251
0.331,0.318,0.35
0.372,0.312,0.315
0.288,0.243,0.469
0.412,0.297,0.291
0.37,0.306,0.324
0.319,0.388,0.292
0.242,0.396,0.362
0.37,0.37,0.26
0.367,0.339,0.293
0.401,0.313,0.286
0.36,0.374,0.266
0.301,0.391,0.308
0.198,0.25,0.553
0.208,0.37,0.422
0.272,0.193,0.535
0.412,0.295,0.293
0.319,0.346,0.335
0.25,0.41,0.339
0.401,0.22,0.379
0.367,0.332,0.301
0.291,0.404,0.306
0.375,0.286,0.338
0.251,0.346,0.403
0.278,0.521,0.201
0.436,0.327,0.238
0.549,0.28,0.171
0.224,0.48,0.296
0.258,0.478,0.263
0.225,0.282,0.494
0.294,0.448,0.257
0.326,0.395,0.28
0.291,0.301,0.408
0.361,0.332,0.307
0.164,0.552,0.284
0.288,0.233,0.478
0.341,0.319,0.34
0.378,0.361,0.26
0.267,0.295,0.438
0.296,0.331,0.372
0.349,0.355,0.296
0.256,0.401,0.343
0.319,0.225,0.456
0.236,0.285,0.479
0.316,0.367,0.317
0.357,0.342,0.301
0.414,0.273,0.312
0.395,0.324,0.281
0.348,0.371,0.282
0.228,0.474,0.299
0.274,0.408,0.317
0.301,0.393,0.307
0.283,0.362,0.356
0.286,0.379,0.334
0.318,0.306,0.377
0.273,0.309,0.417
0.185,0.566,0.249
0.249,0.501,0.25
0.328,0.317,0.355
0.385,0.294,0.321
0.398,0.345,0.257
0.354,0.369,0.277
0.221,0.514,0.265
0.431,0.328,0.241
0.446,0.277,0.277
0.338,0.435,0.227
0.362,0.342,0.296
0.358,0.343,0.299
0.382,0.377,0.241
0.386,0.357,0.256
0.266,0.298,0.435
0.382,0.338,0.28
0.312,0.336,0.352
0.371,0.295,0.335
0.342,0.39,0.267
0.281,0.46,0.259
0.148,0.608,0.244
0.23,0.48,0.29
0.282,0.394,0.324
0.343,0.329,0.328
0.361,0.328,0.31
0.299,0.437,0.264
0.292,0.31,0.398
0.3,0.473,0.227
0.184,0.598,0.218
0.297,0.42,0.282
0.39,0.268,0.342
0.276,0.527,0.197
0.25,0.349,0.401
0.261,0.415,0.324
0.331,0.404,0.265
0.41,0.25,0.34
0.384,0.317,0.299
0.408,0.328,0.264
0.313,0.323,0.364
0.29,0.314,0.396
0.29,0.283,0.427
0.305,0.482,0.214
0.481,0.226,0.293
0.322,0.314,0.364
0.268,0.247,0.485
0.45,0.245,0.306
0.261,0.328,0.411
0.283,0.336,0.38
0.222,0.571,0.206
0.225,0.413,0.362
0.425,0.31,0.264
0.464,0.362,0.174
0.328,0.328,0.344
0.445,0.257,0.298
0.315,0.392,0.293
0.233,0.471,0.296
0.29,0.387,0.323
0.332,0.272,0.396
0.285,0.271,0.444
0.187,0.553,0.26
0.428,0.265,0.307
0.328,0.376,0.296
0.379,0.364,0.257
0.27,0.329,0.402
0.305,0.341,0.355
0.296,0.292,0.412
0.162,0.51,0.329
0.29,0.295,0.415
0.261,0.47,0.269
0.279,0.398,0.323
0.247,0.266,0.488
0.4,0.304,0.296
0.295,0.485,0.219
0.08,0.85,0.07
0.351,0.298,0.35
0.517,0.235,0.248
0.257,0.52,0.223
0.33,0.359,0.31
0.304,0.254,0.442
0.219,0.246,0.535
0.327,0.284,0.39
0.386,0.378,0.236
0.27,0.293,0.437
0.303,0.397,0.3
0.279,0.451,0.271
0.3,0.368,0.332
0.301,0.409,0.29
0.354,0.381,0.265
0.339,0.389,0.272
0.363,0.358,0.279
0.271,0.379,0.35
0.306,0.289,0.405
0.507,0.269,0.224
0.301,0.335,0.364
0.275,0.392,0.333
0.305,0.271,0.424
0.328,0.336,0.335
0.368,0.303,0.329
0.382,0.402,0.216
0.366,0.26,0.374
0.209,0.24,0.55
0.261,0.363,0.376
0.345,0.376,0.28
0.265,0.523,0.212
0.271,0.436,0.293
0.344,0.31,0.346
0.264,0.412,0.324
0.572,0.236,0.193
0.262,0.461,0.277
0.196,0.23,0.574
0.273,0.435,0.292
0.248,0.388,0.365
0.252,0.486,0.262
0.35,0.307,0.343
0.215,0.345,0.441
0.3,0.406,0.294
0.297,0.419,0.284
0.286,0.344,0.37
0.227,0.334,0.439
0.238,0.413,0.349
0.328,0.388,0.284
0.237,0.361,0.403
0.512,0.239,0.249
0.29,0.309,0.401
0.369,0.349,0.282
0.387,0.255,0.358
0.314,0.388,0.297
0.448,0.296,0.257
0.275,0.424,0.3
0.295,0.518,0.187
0.388,0.394,0.219
0.306,0.385,0.309
0.285,0.274,0.442
0.325,0.366,0.308
0.271,0.392,0.337
0.233,0.549,0.218
0.31,0.393,0.297
0.277,0.317,0.406
0.209,0.372,0.419
0.069,0.828,0.103
0.341,0.391,0.268
0.324,0.464,0.212
0.263,0.351,0.385
0.282,0.428,0.29
0.329,0.463,0.209
0.272,0.491,0.238
0.242,0.439,0.32
0.294,0.283,0.423
0.307,0.412,0.28
0.305,0.292,0.402
0.312,0.374,0.314
0.274,0.443,0.283
0.252,0.416,0.332
0.336,0.411,0.254
0.336,0.401,0.262
0.277,0.273,0.451
0.335,0.356,0.309
0.327,0.319,0.354
0.342,0.375,0.283
0.337,0.351,0.312
0.162,0.543,0.295
0.259,0.426,0.315
0.354,0.312,0.334
0.305,0.321,0.375
0.242,0.461,0.297
0.307,0.329,0.364
0.172,0.518,0.31
0.37,0.265,0.365
0.224,0.24,0.536
0.261,0.482,0.257
0.341,0.284,0.374
0.365,0.296,0.339
0.26,0.358,0.382
0.378,0.335,0.287
0.343,0.358,0.299
0.301,0.528,0.17
0.49,0.315,0.195
0.463,0.273,0.264
0.32,0.336,0.344
0.358,0.325,0.317
0.245,0.436,0.32
0.346,0.358,0.296
0.412,0.28,0.308
0.322,0.425,0.253
0.389,0.325,0.286
0.252,0.467,0.282
0.291,0.343,0.366
0.435,0.236,0.329
0.357,0.3,0.343
0.293,0.368,0.339
0.392,0.311,0.297
0.198,0.381,0.42
