T1,T2,T3
"(O,(P3,(P1,P2)));","(O,(P1,(P2,P3)));","(O,(P2,(P1,P3)));"
0.457,0.2196,0.3234
0.3714,0.2356,0.393
0.2746,0.3676,0.3578
0.1993,0.6704,0.1303
0.1564,0.586,0.2576
0.204,0.15,0.646
0.2648,0.4834,0.2518
0.2444,0.4044,0.3512
0.296,0.334,0.37
0.2884,0.364,0.3476
0.2334,0.5972,0.1694
0.3486,0.3578,0.2936
0.1805,0.373,0.4465
0.2747,0.4187,0.3066
0.306,0.5395,0.1545
0.2788,0.4265,0.2947
0.29,0.36,0.35
0.4569,0.3952,0.1479
0.2868,0.416,0.2972
0.2772,0.4438,0.279
0.2639,0.4099,0.3262
0.2244,0.353,0.4226
0.256,0.259,0.485
0.388,0.373,0.239
0.2622,0.366,0.3718
0.3206,0.4492,0.2302
0.2237,0.3095,0.4668
0.2835,0.4169,0.2996
0.3719,0.2273,0.4008
0.4638,0.2446,0.2916
0.152,0.603,0.245
0.2574,0.5442,0.1984
0.1195,0.2925,0.588
0.2677,0.4761,0.2562
0.2882,0.2792,0.4326
0.3246,0.3476,0.3278
0.414,0.3578,0.2282
0.408,0.4438,0.1482
0.084,0.784,0.132
0.3158,0.5554,0.1288
0.2014,0.6006,0.198
0.362,0.3672,0.2708
0.248,0.572,0.18
0.4232,0.2442,0.3326
0.464,0.248,0.288
0.2835,0.299,0.4175
0.3103,0.5295,0.1602
0.3766,0.334,0.2894
0.2452,0.4742,0.2806
0.365,0.464,0.171
0.2624,0.4692,0.2684
0.286,0.425,0.289
0.214,0.552,0.234
0.2002,0.6526,0.1472
0.6142,0.1926,0.1932
0.3132,0.3876,0.2992
0.384,0.41,0.206
0.3415,0.401,0.2575
0.3226,0.2524,0.425
0.3174,0.4332,0.2494
0.3084,0.353,0.3386
0.3456,0.2864,0.368
0.3299,0.3002,0.3699
0.3194,0.512,0.1686
0.4102,0.3114,0.2784
0.5446,0.1712,0.2842
0.3628,0.2976,0.3396
0.2304,0.4684,0.3012
0.3481,0.4369,0.215
0.3666,0.3619,0.2715
0.334,0.292,0.374
0.2406,0.3646,0.3948
0.367,0.304,0.329
0.2192,0.4558,0.325
0.1568,0.2412,0.602
0.063,0.81,0.127
0.2264,0.4862,0.2874
0.148,0.244,0.608
0.2316,0.3978,0.3706
0.2882,0.4842,0.2276
0.353,0.1803,0.4667
0.1808,0.3448,0.4744
0.2761,0.2708,0.4531
0.529,0.336,0.135
0.287,0.403,0.31
0.4067,0.3488,0.2445
0.1526,0.6686,0.1788
0.3466,0.3812,0.2722
0.2366,0.2226,0.5408
0.3575,0.3348,0.3077
0.292,0.384,0.324
0.2601,0.3868,0.3531
0.2986,0.2732,0.4282
0.4,0.472,0.128
0.3051,0.3615,0.3334
0.3576,0.3154,0.327
0.2368,0.3082,0.455
0.2604,0.3472,0.3924
0.4688,0.2196,0.3116
0.2598,0.302,0.4382
0.2692,0.216,0.5148
0.2542,0.42,0.3258
0.4809,0.3173,0.2018
0.326,0.3698,0.3042
0.3272,0.4132,0.2596
0.5586,0.243,0.1984
0.2254,0.3989,0.3757
0.3104,0.3696,0.32
0.1872,0.6383,0.1745
0.2846,0.231,0.4844
0.276,0.542,0.182
0.197,0.63,0.173
0.4004,0.3685,0.2311
0.307,0.3707,0.3223
0.234,0.3926,0.3734
0.1508,0.4353,0.4139
0.354,0.227,0.419
0.1794,0.2698,0.5508
0.3529,0.3012,0.3459
0.2735,0.2627,0.4638
0.3194,0.2836,0.397
0.207,0.4108,0.3822
0.383,0.3262,0.2908
0.3004,0.4104,0.2892
0.2496,0.4692,0.2812
0.0976,0.4528,0.4496
0.2164,0.5104,0.2732
0.2717,0.5864,0.1419
0.3664,0.356,0.2776
0.2356,0.2084,0.556
0.3256,0.3778,0.2966
0.296,0.4108,0.2932
0.2533,0.4283,0.3184
0.387,0.3404,0.2726
0.3334,0.4753,0.1913
0.6113,0.1371,0.2516
0.1592,0.5132,0.3276
0.2888,0.464,0.2472
0.3459,0.4292,0.2249
0.2696,0.408,0.3224
0.3658,0.5096,0.1246
0.255,0.3548,0.3902
0.6884,0.1698,0.1418
0.3182,0.449,0.2328
0.516,0.324,0.16
0.289,0.478,0.233
0.3013,0.3696,0.3291
0.315,0.426,0.259
0.474,0.291,0.235
0.3385,0.2487,0.4128
0.1936,0.5202,0.2862
0.2205,0.4212,0.3583
0.4806,0.3992,0.1202
0.2137,0.3442,0.4421
0.2842,0.3934,0.3224
0.1912,0.7022,0.1066
0.258,0.3948,0.3472
0.4152,0.3356,0.2492
0.2815,0.3732,0.3453
0.2492,0.4293,0.3215
0.6159,0.2064,0.1777
0.3979,0.3936,0.2085
0.3906,0.197,0.4124
0.0931,0.2692,0.6377
0.1832,0.5766,0.2402
0.3587,0.4493,0.192
0.562,0.197,0.241
0.4284,0.2732,0.2984
0.2158,0.4814,0.3028
0.3102,0.3064,0.3834
0.2662,0.3858,0.348
0.3307,0.3512,0.3181
0.3512,0.3097,0.3391
0.1916,0.412,0.3964
0.3858,0.3814,0.2328
0.4528,0.3746,0.1726
0.3002,0.357,0.3428
0.2322,0.5154,0.2524
0.3045,0.3712,0.3243
0.086,0.33,0.584
0.2577,0.4277,0.3146
0.2058,0.6004,0.1938
0.209,0.5838,0.2072
0.1856,0.3336,0.4808
0.3368,0.255,0.4082
0.406,0.52,0.074
0.2556,0.4046,0.3398
0.154,0.503,0.343
0.3722,0.2831,0.3447
0.2238,0.501,0.2752
0.4099,0.3824,0.2077
0.1844,0.4318,0.3838
0.368,0.31,0.322
0.2,0.634,0.166
0.276,0.44,0.284
0.289,0.531,0.18
0.3312,0.3584,0.3104
0.1974,0.414,0.3886
0.3607,0.3376,0.3017
0.312,0.644,0.044
0.4901,0.3665,0.1434
0.0776,0.6076,0.3148
0.5194,0.2958,0.1848
0.2612,0.3132,0.4256
0.3305,0.481,0.1885
0.2752,0.3037,0.4211
0.4528,0.2598,0.2874
0.1628,0.7329,0.1043
0.114,0.702,0.184
0.2425,0.5718,0.1857
0.4315,0.393,0.1755
0.288,0.4296,0.2824
0.2726,0.485,0.2424
0.2185,0.5525,0.229
0.3099,0.4329,0.2572
0.3078,0.3438,0.3484
0.3722,0.4314,0.1964
0.3164,0.2598,0.4238
0.4044,0.2456,0.35
0.272,0.356,0.372
0.348,0.443,0.209
0.3039,0.4071,0.289
0.3718,0.4574,0.1708
0.4638,0.3346,0.2016
0.249,0.481,0.27
0.341,0.3725,0.2865
0.2198,0.506,0.2742
0.3044,0.3484,0.3472
0.2307,0.1158,0.6535
0.3016,0.4881,0.2103
0.1806,0.7195,0.0999
0.2467,0.4551,0.2982
0.2972,0.3146,0.3882
0.1976,0.4232,0.3792
0.2743,0.5911,0.1346
0.2983,0.2976,0.4041
0.2208,0.5132,0.266
0.4119,0.3349,0.2532
0.3396,0.4492,0.2112
0.2318,0.5744,0.1938
0.3076,0.3589,0.3335
0.3046,0.3912,0.3042
0.2704,0.2935,0.4361
0.3913,0.3238,0.2849
0.4048,0.2142,0.381
0.5554,0.1854,0.2592
0.2581,0.2822,0.4597
0.3945,0.3555,0.25
0.247,0.566,0.187
0.2642,0.3846,0.3512
0.3661,0.3945,0.2394
0.3968,0.3252,0.278
0.3384,0.351,0.3106
0.195,0.506,0.299
0.1986,0.4226,0.3788
0.3492,0.1295,0.5213
0.255,0.1729,0.5721
0.251,0.624,0.125
0.296,0.3918,0.3122
0.2441,0.496,0.2599
0.5132,0.278,0.2088
0.397,0.2998,0.3032
0.2662,0.3478,0.386
0.35,0.3242,0.3258
0.2296,0.485,0.2854
0.3014,0.473,0.2256
0.328,0.3556,0.3164
0.5669,0.2524,0.1807
0.0848,0.5386,0.3766
0.3994,0.3624,0.2382
0.329,0.317,0.354
0.224,0.378,0.398
0.314,0.3746,0.3114
0.1998,0.5064,0.2938
0.196,0.504,0.3
0.335,0.3122,0.3528
0.3216,0.4152,0.2632
0.3312,0.5816,0.0872
0.225,0.343,0.432
0.3646,0.5212,0.1142
0.2705,0.6035,0.126
0.2821,0.4278,0.2901
0.487,0.433,0.08
0.3348,0.4998,0.1654
0.2774,0.326,0.3966
0.369,0.436,0.195
0.439,0.358,0.203
0.3882,0.3438,0.268
0.3218,0.393,0.2852
0.4114,0.2128,0.3758
0.1882,0.5659,0.2459
0.3658,0.2538,0.3804
0.3091,0.5039,0.187
0.2546,0.3702,0.3752
0.2944,0.2174,0.4882
0.3765,0.3707,0.2528
0.3053,0.31,0.3847
0.303,0.4114,0.2856
0.3864,0.3154,0.2982
0.2318,0.2814,0.4868
0.2624,0.3592,0.3784
0.4096,0.3483,0.2421
0.2992,0.376,0.3248
0.416,0.2354,0.3486
0.233,0.5616,0.2054
0.1932,0.598,0.2088
0.3119,0.3073,0.3808
0.2938,0.4272,0.279
0.448,0.305,0.247
0.4133,0.2954,0.2913
0.3794,0.4232,0.1974
0.1858,0.6344,0.1798
0.2966,0.4423,0.2611
0.2435,0.515,0.2415
0.1904,0.2552,0.5544
0.11,0.48,0.41
0.381,0.434,0.185
0.2744,0.2656,0.46
0.4105,0.3061,0.2834
0.3712,0.4006,0.2282
0.2968,0.2752,0.428
0.2296,0.4248,0.3456
0.3745,0.2942,0.3313
0.3826,0.417,0.2004
0.3171,0.4818,0.2011
0.2536,0.47,0.2764
0.334,0.343,0.323
0.3674,0.4036,0.229
0.365,0.179,0.456
0.3308,0.3301,0.3391
0.2242,0.5112,0.2646
0.342,0.2274,0.4306
0.2581,0.1278,0.6141
0.3788,0.38,0.2412
0.4554,0.3048,0.2398
0.2454,0.537,0.2176
0.202,0.442,0.356
0.1228,0.697,0.1802
0.4031,0.2505,0.3464
0.26,0.543,0.197
0.1608,0.5892,0.25
0.2858,0.3134,0.4008
0.2525,0.3931,0.3544
0.289,0.4144,0.2966
0.306,0.5,0.194
0.103,0.737,0.16
0.2226,0.3264,0.451
0.362,0.328,0.31
0.35,0.3519,0.2981
0.29,0.3838,0.3262
0.3381,0.4318,0.2301
0.144,0.137,0.719
0.12,0.6564,0.2236
0.2708,0.3606,0.3686
0.3002,0.3337,0.3661
0.198,0.575,0.227
0.4392,0.4674,0.0934
0.42,0.42,0.16
0.2232,0.2828,0.494
0.2889,0.3747,0.3364
0.2289,0.5857,0.1854
0.3266,0.3606,0.3128
0.2276,0.5298,0.2426
0.3602,0.2856,0.3542
0.1557,0.6342,0.2101
0.3192,0.3784,0.3024
0.28,0.418,0.302
0.4342,0.2806,0.2852
0.2589,0.4231,0.318
0.3612,0.3874,0.2514
0.3574,0.3638,0.2788
0.536,0.2703,0.1937
0.358,0.3084,0.3336
0.2806,0.335,0.3844
0.336,0.41,0.254
0.2967,0.3545,0.3488
0.2411,0.5767,0.1822
0.2818,0.3472,0.371
0.498,0.335,0.167
0.3046,0.3572,0.3382
0.413,0.284,0.303
0.2724,0.4288,0.2988
0.2101,0.326,0.4639
0.2205,0.6525,0.127
0.082,0.804,0.114
0.3566,0.2804,0.363
0.379,0.275,0.346
0.15,0.63,0.22
0.3039,0.2605,0.4356
0.2056,0.3918,0.4026
0.2702,0.5334,0.1964
0.122,0.265,0.613
0.1892,0.4756,0.3352
0.3372,0.4724,0.1904
0.5458,0.2884,0.1658
0.2892,0.4691,0.2417
0.22,0.597,0.183
0.3237,0.4104,0.2659
0.3378,0.3544,0.3078
0.1143,0.3211,0.5646
0.1926,0.3894,0.418
0.4682,0.2872,0.2446
0.2574,0.5161,0.2265
0.2894,0.4582,0.2524
0.1792,0.584,0.2368
0.252,0.5335,0.2145
0.2316,0.4776,0.2908
0.4435,0.344,0.2125
0.2594,0.414,0.3266
0.2462,0.452,0.3018
0.3856,0.3352,0.2792
0.184,0.496,0.32
0.3136,0.332,0.3544
0.2495,0.3509,0.3996
0.2844,0.4519,0.2637
0.3524,0.3102,0.3374
0.2998,0.3528,0.3474
0.297,0.52,0.183
0.3978,0.2848,0.3174
0.2872,0.3859,0.3269
0.2312,0.4572,0.3116
0.679,0.135,0.186
0.2856,0.413,0.3014
0.2932,0.4794,0.2274
0.4992,0.304,0.1968
0.2283,0.5914,0.1803
0.2632,0.2604,0.4764
0.1968,0.1867,0.6165
0.4064,0.3023,0.2913
0.3438,0.3138,0.3424
0.4644,0.3672,0.1684
0.2911,0.3985,0.3104
0.3932,0.3812,0.2256
0.3139,0.301,0.3851
0.11,0.686,0.204
0.2676,0.3632,0.3692
0.2016,0.3728,0.4256
0.253,0.552,0.195
0.5148,0.3016,0.1836
0.2704,0.4835,0.2461
0.305,0.437,0.258
0.176,0.577,0.247
0.2214,0.4034,0.3752
0.5052,0.2488,0.246
0.2755,0.4557,0.2688
0.3312,0.4808,0.188
0.2392,0.5374,0.2234
0.1246,0.366,0.5094
0.42,0.3642,0.2158
0.683,0.165,0.152
0.574,0.244,0.182
0.2256,0.1784,0.596
0.3638,0.3984,0.2378
0.5392,0.196,0.2648
0.3674,0.3208,0.3118
0.08,0.778,0.142
0.3171,0.3544,0.3285
0.3088,0.3086,0.3826
0.316,0.462,0.222
0.2122,0.3764,0.4114
0.2728,0.3602,0.367
0.375,0.419,0.206
0.3762,0.4312,0.1926
0.2774,0.5386,0.184
0.4228,0.2532,0.324
0.2622,0.4419,0.2959
0.3196,0.4764,0.204
0.2118,0.3408,0.4474
0.157,0.175,0.668
0.3734,0.2314,0.3952
0.3183,0.3052,0.3765
0.4416,0.2508,0.3076
0.155,0.175,0.67
0.362,0.376,0.262
0.301,0.322,0.377
0.2244,0.5407,0.2349
0.3072,0.392,0.3008
0.2859,0.3357,0.3784
0.3168,0.2642,0.419
0.3054,0.4392,0.2554
0.1988,0.5636,0.2376
0.1776,0.5648,0.2576
0.2284,0.3808,0.3908
0.2982,0.5334,0.1684
0.6018,0.304,0.0942
0.418,0.362,0.22
0.3768,0.3434,0.2798
0.3404,0.2916,0.368
0.3703,0.2658,0.3639
0.2131,0.553,0.2339
0.2801,0.2931,0.4268
0.243,0.44,0.317
0.4228,0.3438,0.2334
0.2318,0.4292,0.339
0.2438,0.3206,0.4356
0.1804,0.6004,0.2192
0.2712,0.361,0.3678
0.292,0.486,0.222
0.444,0.268,0.288
0.706,0.097,0.197
0.28,0.4696,0.2504
0.2744,0.3508,0.3748
0.3398,0.4517,0.2085
0.3838,0.3356,0.2806
0.3482,0.372,0.2798
0.4452,0.3184,0.2364
0.1921,0.5835,0.2244
0.439,0.41,0.151
0.4394,0.3718,0.1888
0.3756,0.4032,0.2212
0.5066,0.3312,0.1622
0.316,0.167,0.517
0.24,0.42,0.34
0.234,0.476,0.29
0.3354,0.4056,0.259
0.219,0.503,0.278
0.351,0.4126,0.2364
0.3844,0.3668,0.2488
0.3204,0.294,0.3856
0.354,0.34,0.306
0.2218,0.5674,0.2108
0.2708,0.2594,0.4698
0.2358,0.3372,0.427
0.1452,0.5868,0.268
0.3466,0.4692,0.1842
0.413,0.3878,0.1992
0.22,0.4896,0.2904
0.3476,0.3248,0.3276
0.288,0.583,0.129
0.3632,0.3788,0.258
0.3077,0.231,0.4613
0.257,0.277,0.466
0.523,0.331,0.146
0.3307,0.2535,0.4158
0.383,0.4422,0.1748
0.266,0.27,0.464
0.3289,0.2506,0.4205
0.1998,0.5404,0.2598
0.501,0.313,0.186
0.3462,0.3296,0.3242
0.3952,0.328,0.2768
0.33,0.464,0.206
0.2162,0.3756,0.4082
0.2959,0.3809,0.3232
0.1998,0.5384,0.2618
0.2152,0.5346,0.2502
0.279,0.3876,0.3334
0.141,0.703,0.156
0.3882,0.3389,0.2729
0.2436,0.5188,0.2376
0.3096,0.5548,0.1356
0.3766,0.2976,0.3258
0.3228,0.3692,0.308
0.3872,0.3864,0.2264
0.3093,0.3697,0.321
0.378,0.552,0.07
0.4381,0.2781,0.2838
0.4204,0.3092,0.2704
0.3132,0.2304,0.4564
0.2063,0.481,0.3127
0.2666,0.4786,0.2548
0.391,0.214,0.395
0.3352,0.3146,0.3502
0.3624,0.3108,0.3268
0.1406,0.5332,0.3262
0.2235,0.3932,0.3833
0.3974,0.305,0.2976
0.1406,0.5312,0.3282
0.268,0.449,0.283
0.275,0.415,0.31
0.3914,0.3264,0.2822
0.2905,0.3815,0.328
0.3316,0.4427,0.2257
0.4464,0.3042,0.2494
0.2567,0.2737,0.4696
0.315,0.3336,0.3514
0.2622,0.5316,0.2062
0.092,0.602,0.306
0.3052,0.3976,0.2972
0.3348,0.3149,0.3503
0.26,0.3698,0.3702
0.157,0.5578,0.2852
0.0887,0.628,0.2833
0.2244,0.462,0.3136
0.3082,0.3088,0.383
0.2656,0.4128,0.3216
0.4214,0.3455,0.2331
0.3988,0.3966,0.2046
0.426,0.3172,0.2568
0.2458,0.3756,0.3786
0.119,0.631,0.25
0.2674,0.2394,0.4932
0.3283,0.3827,0.289
0.2512,0.3484,0.4004
0.2578,0.5074,0.2348
0.4365,0.3123,0.2512
0.4728,0.2836,0.2436
0.2509,0.345,0.4041
0.3978,0.2994,0.3028
0.12,0.788,0.092
0.1798,0.6548,0.1654
0.0,0.4,0.6
0.3836,0.2786,0.3378
0.384,0.3496,0.2664
0.2366,0.3962,0.3672
0.48,0.2814,0.2386
0.334,0.459,0.207
0.1658,0.2866,0.5476
0.2498,0.4365,0.3137
0.425,0.277,0.298
0.1875,0.6529,0.1596
0.5904,0.2264,0.1832
0.2883,0.374,0.3377
0.261,0.467,0.272
0.1072,0.452,0.4408
0.4534,0.2339,0.3127
0.2186,0.4812,0.3002
0.2702,0.357,0.3728
0.2466,0.5406,0.2128
0.3368,0.3688,0.2944
0.2148,0.3408,0.4444
0.2414,0.4428,0.3158
0.4974,0.2888,0.2138
0.2596,0.2376,0.5028
0.307,0.3264,0.3666
0.3693,0.3367,0.294
0.2538,0.3432,0.403
0.398,0.352,0.25
0.1654,0.6244,0.2102
0.172,0.781,0.047
0.3042,0.3624,0.3334
0.248,0.458,0.294
0.2759,0.451,0.2731
0.3812,0.2884,0.3304
0.2714,0.411,0.3176
0.3568,0.2972,0.346
0.223,0.561,0.216
0.2275,0.3859,0.3866
0.2836,0.5614,0.155
0.2532,0.426,0.3208
0.0952,0.2856,0.6192
0.2892,0.3342,0.3766
0.3922,0.2772,0.3306
0.2506,0.5368,0.2126
0.2398,0.2884,0.4718
0.497,0.362,0.141
0.1348,0.5126,0.3526
0.2724,0.3648,0.3628
0.185,0.502,0.313
0.1518,0.6214,0.2268
0.2174,0.3019,0.4807
0.3585,0.506,0.1355
0.2587,0.3575,0.3838
0.4157,0.3416,0.2427
0.384,0.308,0.308
0.2849,0.3457,0.3694
0.112,0.374,0.514
0.1824,0.5462,0.2714
0.2926,0.394,0.3134
0.5047,0.2902,0.2051
0.2364,0.5092,0.2544
0.3618,0.4692,0.169
0.3044,0.2957,0.3999
0.3204,0.3544,0.3252
0.1,0.153,0.747
0.128,0.748,0.124
0.29,0.3838,0.3262
0.4072,0.404,0.1888
0.491,0.311,0.198
0.486,0.354,0.16
0.2482,0.4002,0.3516
0.24,0.424,0.336
0.2732,0.4336,0.2932
0.171,0.538,0.291
0.3232,0.3239,0.3529
0.1446,0.7138,0.1416
0.3308,0.274,0.3952
0.1821,0.4795,0.3384
0.3724,0.3112,0.3164
0.2469,0.4207,0.3324
0.262,0.5622,0.1758
0.322,0.4332,0.2448
0.2616,0.5088,0.2296
0.1586,0.6396,0.2018
0.4302,0.3156,0.2542
0.236,0.446,0.318
0.3149,0.3989,0.2862
0.248,0.4588,0.2932
0.2634,0.5222,0.2144
0.1581,0.5746,0.2673
0.53,0.2926,0.1774
0.2853,0.4441,0.2706
0.1804,0.5456,0.274
0.1544,0.194,0.6516
0.4192,0.2708,0.31
0.2864,0.4739,0.2397
0.449,0.273,0.278
0.2366,0.3882,0.3752
0.3533,0.3233,0.3234
0.2133,0.3638,0.4229
0.3818,0.3336,0.2846
0.4615,0.2273,0.3112
0.1968,0.4666,0.3366
0.3722,0.2248,0.403
0.5418,0.2814,0.1768
0.3712,0.3636,0.2652
0.2748,0.2432,0.482
0.537,0.302,0.161
0.2585,0.491,0.2505
0.0674,0.2568,0.6758
0.2504,0.4008,0.3488
0.156,0.68,0.164
0.2904,0.3519,0.3577
0.1794,0.6258,0.1948
0.2121,0.6128,0.1751
0.261,0.2318,0.5072
0.2385,0.3055,0.456
0.2136,0.4003,0.3861
0.2686,0.4599,0.2715
0.59,0.138,0.272
0.4572,0.3391,0.2037
0.2648,0.3916,0.3436
0.3878,0.3083,0.3039
0.1793,0.606,0.2147
0.2158,0.4456,0.3386
0.3006,0.4268,0.2726
0.326,0.4315,0.2425
0.397,0.402,0.201
0.1889,0.2947,0.5164
0.2984,0.2196,0.482
0.2232,0.4556,0.3212
0.1422,0.6552,0.2026
0.2428,0.5576,0.1996
0.235,0.5475,0.2175
0.4539,0.3278,0.2183
0.3594,0.1974,0.4432
0.2908,0.347,0.3622
0.1708,0.6142,0.215
0.271,0.518,0.211
0.238,0.597,0.165
0.167,0.6688,0.1642
0.09,0.852,0.058
0.2748,0.4614,0.2638
0.5703,0.1944,0.2353
0.3027,0.2601,0.4372
0.2284,0.4606,0.311
0.3926,0.3545,0.2529
0.216,0.646,0.138
0.2662,0.5908,0.143
0.3504,0.2782,0.3714
0.3395,0.368,0.2925
0.2162,0.5082,0.2756
0.2526,0.4284,0.319
0.1816,0.549,0.2694
0.3722,0.356,0.2718
0.3142,0.468,0.2178
0.3778,0.3824,0.2398
0.3191,0.5147,0.1662
0.19,0.643,0.167
0.2568,0.3058,0.4374
0.154,0.176,0.67
0.2566,0.5652,0.1782
0.1546,0.2882,0.5572
0.225,0.2823,0.4927
0.232,0.3272,0.4408
0.2335,0.5165,0.25
0.1672,0.7312,0.1016
0.285,0.4032,0.3118
0.4803,0.3142,0.2055
0.276,0.4955,0.2285
0.2192,0.4934,0.2874
0.5108,0.2783,0.2109
0.2738,0.3706,0.3556
0.262,0.543,0.195
0.3519,0.3848,0.2633
0.289,0.2985,0.4125
0.3324,0.283,0.3846
0.341,0.432,0.227
0.3592,0.2844,0.3564
0.4501,0.2267,0.3232
0.2118,0.4914,0.2968
0.2422,0.3814,0.3764
0.2752,0.4296,0.2952
0.2076,0.3615,0.4309
0.325,0.366,0.309
0.2508,0.4924,0.2568
0.5732,0.216,0.2108
0.1408,0.21,0.6492
0.676,0.1679,0.1561
0.2648,0.4064,0.3288
0.358,0.3298,0.3122
0.1914,0.7438,0.0648
0.1876,0.4494,0.363
0.1798,0.5994,0.2208
0.271,0.3945,0.3345
0.2877,0.3899,0.3224
0.0,1.0,0.0
0.2604,0.373,0.3666
0.305,0.473,0.222
0.266,0.38,0.354
0.357,0.3616,0.2814
0.3306,0.348,0.3214
0.3035,0.3785,0.318
0.313,0.4634,0.2236
0.2954,0.3434,0.3612
0.3179,0.2678,0.4143
0.2142,0.4031,0.3827
0.2538,0.3042,0.442
0.396,0.458,0.146
0.3368,0.3524,0.3108
0.639,0.341,0.02
0.472,0.325,0.203
0.2394,0.3154,0.4452
0.108,0.719,0.173
0.292,0.402,0.306
0.511,0.242,0.247
0.169,0.5176,0.3134
0.258,0.465,0.277
0.2041,0.6895,0.1064
0.2631,0.4107,0.3262
0.4229,0.2389,0.3382
0.2782,0.3518,0.37
0.3908,0.3186,0.2906
0.188,0.45,0.362
0.2674,0.4109,0.3217
0.2074,0.5126,0.28
0.3166,0.4556,0.2278
0.5976,0.1413,0.2611
0.2446,0.408,0.3474
0.2847,0.3493,0.366
0.3096,0.3874,0.303
0.286,0.4742,0.2398
0.1647,0.6484,0.1869
0.2042,0.6148,0.181
0.332,0.4176,0.2504
0.3886,0.3208,0.2906
0.3295,0.2465,0.424
0.3705,0.2588,0.3707
0.338,0.3725,0.2895
0.305,0.402,0.293
0.2516,0.256,0.4924
0.5392,0.2336,0.2272
0.2082,0.7012,0.0906
0.425,0.3406,0.2344
0.3544,0.3535,0.2921
0.3418,0.2838,0.3744
0.4654,0.2733,0.2613
0.4556,0.3016,0.2428
0.2092,0.6104,0.1804
0.253,0.471,0.276
0.2522,0.2914,0.4564
0.2584,0.2716,0.47
0.3046,0.3028,0.3926
0.09,0.168,0.742
0.3178,0.4394,0.2428
0.285,0.443,0.272
0.6611,0.1583,0.1806
0.2466,0.5152,0.2382
0.3229,0.3439,0.3332
0.3614,0.1937,0.4449
0.2603,0.409,0.3307
0.4412,0.311,0.2478
0.1056,0.6264,0.268
0.105,0.185,0.71
0.3442,0.3128,0.343
0.2558,0.1696,0.5746
0.1581,0.595,0.2469
0.3024,0.4078,0.2898
0.2155,0.544,0.2405
0.346,0.4176,0.2364
0.1594,0.6966,0.144
0.456,0.26,0.284
0.463,0.3455,0.1915
0.2896,0.3758,0.3346
0.3232,0.4652,0.2116
0.497,0.314,0.189
0.2334,0.5152,0.2514
0.3176,0.3207,0.3617
0.2468,0.4884,0.2648
0.1538,0.4892,0.357
0.3651,0.2433,0.3916
0.3298,0.3418,0.3284
0.3596,0.31,0.3304
0.2792,0.2856,0.4352
0.2328,0.4046,0.3626
0.28,0.3318,0.3882
0.3164,0.447,0.2366
0.3331,0.3361,0.3308
0.234,0.5241,0.2419
0.016,0.914,0.07
0.2557,0.4216,0.3227
0.343,0.466,0.191
0.3092,0.4936,0.1972
0.3859,0.3147,0.2994
0.2584,0.331,0.4106
0.266,0.596,0.138
0.1964,0.1564,0.6472
0.327,0.2488,0.4242
0.3412,0.4189,0.2399
0.104,0.7115,0.1845
0.2816,0.3519,0.3665
0.2898,0.3308,0.3794
0.4076,0.4178,0.1746
0.3338,0.3642,0.302
0.315,0.488,0.197
0.3278,0.3214,0.3508
0.229,0.4165,0.3545
0.231,0.514,0.255
0.1994,0.3066,0.494
0.3226,0.3966,0.2808
0.2492,0.4836,0.2672
0.2694,0.4068,0.3238
0.2989,0.4559,0.2452
0.3706,0.251,0.3784
0.33,0.496,0.174
0.2737,0.3002,0.4261
0.2796,0.3869,0.3335
0.3736,0.408,0.2184
0.2195,0.5645,0.216
0.2868,0.3808,0.3324
0.246,0.594,0.16
0.2592,0.5514,0.1894
0.3398,0.3938,0.2664
0.2639,0.4041,0.332
0.1924,0.5752,0.2324
0.1104,0.1254,0.7642
0.2632,0.3486,0.3882
0.2994,0.2752,0.4254
0.28,0.46,0.26
0.5464,0.2336,0.22
0.2726,0.3802,0.3472
0.3968,0.3994,0.2038
0.1076,0.3508,0.5416
0.4486,0.2724,0.279
0.3275,0.412,0.2605
0.3384,0.3672,0.2944
0.2332,0.3046,0.4622
0.2115,0.2454,0.5431
0.5112,0.2922,0.1966
0.2984,0.253,0.4486
0.25,0.705,0.045
0.3882,0.3488,0.263
0.2972,0.3672,0.3356
0.292,0.478,0.23
0.1864,0.4816,0.332
0.2988,0.4816,0.2196
0.1878,0.5192,0.293
0.3434,0.262,0.3946
0.1415,0.5869,0.2716
0.3423,0.3778,0.2799
0.3049,0.4165,0.2786
0.1558,0.5162,0.328
0.195,0.48,0.325
0.0761,0.6671,0.2568
0.3208,0.3344,0.3448
0.2156,0.4754,0.309
0.39,0.279,0.331
0.4336,0.3256,0.2408
0.584,0.162,0.254
0.2674,0.3671,0.3655
0.3256,0.4328,0.2416
0.4268,0.2431,0.3301
0.2748,0.219,0.5062
0.3634,0.412,0.2246
0.102,0.404,0.494
0.4115,0.3647,0.2238
0.25,0.5,0.25
0.1253,0.4207,0.454
0.3815,0.3965,0.222
0.4438,0.2794,0.2768
0.388,0.276,0.336
0.3276,0.324,0.3484
0.241,0.616,0.143
0.14,0.734,0.126
0.4395,0.2595,0.301
0.2554,0.282,0.4626
0.2852,0.384,0.3308
0.4368,0.28,0.2832
0.2294,0.4407,0.3299
0.419,0.4162,0.1648
0.3251,0.1995,0.4754
0.3331,0.3401,0.3268
0.364,0.337,0.299
0.2106,0.2578,0.5316
0.2532,0.4752,0.2716
0.2447,0.3854,0.3699
0.3016,0.288,0.4104
0.4758,0.1738,0.3504
0.261,0.478,0.261
0.2784,0.4022,0.3194
0.2728,0.3516,0.3756
0.1952,0.5384,0.2664
0.551,0.241,0.208
0.178,0.2848,0.5372
0.2354,0.4398,0.3248
0.3058,0.4002,0.294
0.2163,0.6196,0.1641
0.2206,0.3414,0.438
0.3761,0.3898,0.2341
0.3512,0.234,0.4148
