T1,T2,T3
"(O,(P1,(P2,P3)));","(O,(P2,(P1,P3)));","(O,(P3,(P1,P2)));"
0.12,0.159,0.721
0.327,0.208,0.465
0.1514,0.3842,0.4644
0.2454,0.2722,0.4824
0.416,0.332,0.252
0.5449,0.1954,0.2597
0.408,0.256,0.336
0.2948,0.2808,0.4244
0.3572,0.3336,0.3092
0.3788,0.2664,0.3548
0.2378,0.4176,0.3446
0.389,0.1836,0.4274
0.0978,0.2728,0.6294
0.184,0.2506,0.5654
0.345,0.323,0.332
0.1534,0.3318,0.5148
0.3728,0.313,0.3142
0.1838,0.1738,0.6424
0.3712,0.3512,0.2776
0.258,0.452,0.29
0.1985,0.3606,0.4409
0.2667,0.4681,0.2652
0.087,0.319,0.594
0.2984,0.2076,0.494
0.2714,0.1588,0.5698
0.4724,0.2284,0.2992
0.4148,0.3193,0.2659
0.409,0.2656,0.3254
0.2358,0.3506,0.4136
0.7075,0.227,0.0655
0.291,0.3144,0.3946
0.2392,0.3884,0.3724
0.2872,0.387,0.3258
0.1784,0.2904,0.5312
0.3746,0.2792,0.3462
0.281,0.4316,0.2874
0.3713,0.2121,0.4166
0.328,0.2954,0.3766
0.553,0.197,0.25
0.3187,0.3785,0.3028
0.3106,0.393,0.2964
0.3176,0.31,0.3724
0.2442,0.2362,0.5196
0.1865,0.1865,0.627
0.4249,0.2601,0.315
0.334,0.354,0.312
0.385,0.303,0.312
0.1667,0.4097,0.4236
0.2136,0.169,0.6174
0.1622,0.5498,0.288
0.2752,0.3536,0.3712
0.2116,0.4054,0.383
0.1389,0.134,0.7271
0.2839,0.4076,0.3085
0.3248,0.1872,0.488
0.2396,0.4744,0.286
0.1282,0.1742,0.6976
0.1882,0.3562,0.4556
0.2653,0.3175,0.4172
0.2212,0.1202,0.6586
0.2185,0.3794,0.4021
0.2006,0.3748,0.4246
0.243,0.211,0.546
0.4056,0.2096,0.3848
0.1596,0.1504,0.69
0.1182,0.4216,0.4602
0.3615,0.263,0.3755
0.3398,0.3688,0.2914
0.3312,0.2876,0.3812
0.227,0.1874,0.5856
0.0564,0.1632,0.7804
0.4072,0.2692,0.3236
0.4146,0.2639,0.3215
0.2848,0.2848,0.4304
0.3212,0.2764,0.4024
0.2629,0.2257,0.5114
0.4444,0.281,0.2746
0.496,0.2532,0.2508
0.5148,0.2056,0.2796
0.3336,0.234,0.4324
0.212,0.323,0.465
0.444,0.2214,0.3346
0.273,0.252,0.475
0.3345,0.2304,0.4351
0.384,0.3648,0.2512
0.3018,0.2242,0.474
0.2562,0.1908,0.553
0.311,0.2248,0.4642
0.3784,0.3032,0.3184
0.3028,0.236,0.4612
0.129,0.287,0.584
0.2778,0.2797,0.4425
0.1864,0.2214,0.5922
0.1567,0.5479,0.2954
0.4205,0.2583,0.3212
0.109,0.184,0.707
0.2474,0.1904,0.5622
0.5134,0.2,0.2866
0.2806,0.2586,0.4608
0.2788,0.4,0.3212
0.2038,0.2808,0.5154
0.2603,0.354,0.3857
0.206,0.2765,0.5175
0.2026,0.2584,0.539
0.2563,0.4403,0.3034
0.3246,0.2898,0.3856
0.362,0.308,0.33
0.2917,0.3902,0.3181
0.4409,0.279,0.2801
0.2358,0.2849,0.4793
0.171,0.4542,0.3748
0.192,0.296,0.512
0.1844,0.4524,0.3632
0.2878,0.4168,0.2954
0.1448,0.5876,0.2676
0.2238,0.5438,0.2324
0.1984,0.3382,0.4634
0.3115,0.3,0.3885
0.348,0.469,0.183
0.3212,0.3082,0.3706
0.1984,0.2087,0.5929
0.2514,0.2956,0.453
0.3017,0.2835,0.4148
0.2742,0.2716,0.4542
0.499,0.198,0.303
0.2096,0.3856,0.4048
0.2636,0.312,0.4244
0.475,0.1432,0.3818
0.1218,0.1308,0.7474
0.4354,0.201,0.3636
0.3942,0.3181,0.2877
0.225,0.2076,0.5674
0.2923,0.3398,0.3679
0.2473,0.2498,0.5029
0.405,0.15,0.445
0.402,0.308,0.29
0.274,0.491,0.235
0.3252,0.2496,0.4252
0.3246,0.336,0.3394
0.3125,0.3668,0.3207
0.1737,0.2415,0.5848
0.34,0.3005,0.3595
0.2493,0.4174,0.3333
0.5569,0.1838,0.2593
0.291,0.23,0.479
0.3572,0.2556,0.3872
0.3708,0.3448,0.2844
0.188,0.4162,0.3958
0.2645,0.3552,0.3803
0.2944,0.3734,0.3322
0.2192,0.337,0.4438
0.314,0.35,0.336
0.3357,0.3647,0.2996
0.3592,0.3082,0.3326
0.3058,0.2776,0.4166
0.27,0.228,0.502
0.2866,0.4096,0.3038
0.3664,0.2932,0.3404
0.318,0.3861,0.2959
0.09,0.3372,0.5728
0.5242,0.2492,0.2266
0.2415,0.2228,0.5357
0.5,0.204,0.296
0.4092,0.2106,0.3802
0.335,0.27,0.395
0.313,0.2622,0.4248
0.3352,0.3142,0.3506
0.213,0.2246,0.5624
0.31,0.378,0.312
0.223,0.5866,0.1904
0.2468,0.0836,0.6696
0.1654,0.401,0.4336
0.3038,0.3754,0.3208
0.343,0.2196,0.4374
0.3222,0.2516,0.4262
0.4658,0.1628,0.3714
0.2081,0.3907,0.4012
0.169,0.12,0.711
0.3276,0.2412,0.4312
0.209,0.386,0.405
0.1426,0.268,0.5894
0.4424,0.2188,0.3388
0.182,0.2014,0.6166
0.2297,0.3009,0.4694
0.2564,0.2032,0.5404
0.2748,0.332,0.3932
0.2228,0.5202,0.257
0.3926,0.23,0.3774
0.2868,0.3958,0.3174
0.366,0.2448,0.3892
0.401,0.443,0.156
0.2887,0.2681,0.4432
0.296,0.377,0.327
0.4744,0.1883,0.3373
0.5242,0.1986,0.2772
0.2915,0.384,0.3245
0.3053,0.28,0.4147
0.412,0.208,0.38
0.2952,0.3408,0.364
0.4792,0.2422,0.2786
0.29,0.41,0.3
0.013,0.892,0.095
0.3127,0.4637,0.2236
0.3402,0.3398,0.32
0.2304,0.2304,0.5392
0.252,0.3314,0.4166
0.2359,0.2387,0.5254
0.3262,0.1782,0.4956
0.1552,0.4036,0.4412
0.219,0.199,0.582
0.2194,0.5256,0.255
0.2234,0.2942,0.4824
0.3474,0.4308,0.2218
0.1924,0.2908,0.5168
0.166,0.2216,0.6124
0.36,0.274,0.366
0.4796,0.2562,0.2642
0.4149,0.2842,0.3009
0.4322,0.2566,0.3112
0.6734,0.0818,0.2448
0.3244,0.3602,0.3154
0.407,0.2908,0.3022
0.4392,0.2888,0.272
0.1382,0.4682,0.3936
0.3066,0.2778,0.4156
0.2212,0.189,0.5898
0.3622,0.1532,0.4846
0.2408,0.2186,0.5406
0.465,0.1974,0.3376
0.314,0.3056,0.3804
0.3784,0.3356,0.286
0.186,0.2148,0.5992
0.3733,0.4075,0.2192
0.2071,0.3655,0.4274
0.22,0.22,0.56
0.66,0.208,0.132
0.3013,0.2729,0.4258
0.2624,0.384,0.3536
0.2369,0.4313,0.3318
0.285,0.3012,0.4138
0.265,0.276,0.459
0.2512,0.5064,0.2424
0.1638,0.34,0.4962
0.3019,0.3212,0.3769
0.2455,0.3035,0.451
0.3458,0.4008,0.2534
0.2964,0.3294,0.3742
0.192,0.56,0.248
0.2888,0.3539,0.3573
0.4144,0.248,0.3376
0.3603,0.2974,0.3423
0.3344,0.2588,0.4068
0.2636,0.3766,0.3598
0.4016,0.1882,0.4102
0.126,0.564,0.31
0.4448,0.2408,0.3144
0.6218,0.1656,0.2126
0.801,0.049,0.15
0.3808,0.3642,0.255
0.418,0.1928,0.3892
0.5016,0.3242,0.1742
0.205,0.495,0.3
0.3238,0.3452,0.331
0.598,0.117,0.285
0.2615,0.2555,0.483
0.3614,0.268,0.3706
0.1448,0.4848,0.3704
0.209,0.3988,0.3922
0.1269,0.5164,0.3567
0.2148,0.3204,0.4648
0.2242,0.1222,0.6536
0.3889,0.3758,0.2353
0.378,0.2408,0.3812
0.2735,0.1733,0.5532
0.4315,0.201,0.3675
0.2686,0.2864,0.445
0.2774,0.2658,0.4568
0.2414,0.3192,0.4394
0.691,0.136,0.173
0.2552,0.2703,0.4745
0.3306,0.2906,0.3788
0.4102,0.286,0.3038
0.27,0.2554,0.4746
0.1938,0.3969,0.4093
0.288,0.299,0.413
0.334,0.3014,0.3646
0.432,0.242,0.326
0.485,0.229,0.286
0.5204,0.2515,0.2281
0.222,0.3116,0.4664
0.2577,0.2776,0.4647
0.2038,0.2668,0.5294
0.3432,0.2784,0.3784
0.4785,0.2605,0.261
0.4512,0.318,0.2308
0.147,0.627,0.226
0.584,0.228,0.188
0.367,0.3216,0.3114
0.2416,0.2518,0.5066
0.269,0.299,0.432
0.2064,0.2316,0.562
0.406,0.196,0.398
0.2976,0.5682,0.1342
0.2272,0.349,0.4238
0.2886,0.4402,0.2712
0.4531,0.2691,0.2778
0.228,0.1786,0.5934
0.3029,0.3048,0.3923
0.513,0.289,0.198
0.3312,0.2186,0.4502
0.4098,0.3718,0.2184
0.3628,0.3826,0.2546
0.2736,0.2244,0.502
0.2718,0.3778,0.3504
0.2928,0.353,0.3542
0.5206,0.2406,0.2388
0.4776,0.1936,0.3288
0.2856,0.3769,0.3375
0.277,0.3801,0.3429
0.3456,0.4248,0.2296
0.3276,0.1446,0.5278
0.3228,0.2436,0.4336
0.1922,0.1974,0.6104
0.3136,0.2906,0.3958
0.4112,0.3446,0.2442
0.288,0.4428,0.2692
0.424,0.2192,0.3568
0.2396,0.3696,0.3908
0.3872,0.1964,0.4164
0.1865,0.4305,0.383
0.3785,0.284,0.3375
0.2956,0.2419,0.4625
0.2604,0.3104,0.4292
0.308,0.306,0.386
0.394,0.2536,0.3524
0.3234,0.2322,0.4444
0.3809,0.3253,0.2938
0.285,0.396,0.319
0.1536,0.1586,0.6878
0.2317,0.2141,0.5542
0.1953,0.2403,0.5644
0.302,0.128,0.57
0.0949,0.0675,0.8376
0.4104,0.2762,0.3134
0.2348,0.5428,0.2224
0.332,0.3992,0.2688
0.3396,0.2686,0.3918
0.3212,0.2762,0.4026
0.405,0.2592,0.3358
0.3816,0.285,0.3334
0.2763,0.3768,0.3469
0.2588,0.3656,0.3756
0.3072,0.3282,0.3646
0.2773,0.2974,0.4253
0.411,0.256,0.333
0.2928,0.3086,0.3986
0.2352,0.436,0.3288
0.2322,0.316,0.4518
0.478,0.2684,0.2536
0.4016,0.2488,0.3496
0.2184,0.3892,0.3924
0.2501,0.2953,0.4546
0.226,0.035,0.739
0.432,0.32,0.248
0.2494,0.2114,0.5392
0.349,0.2476,0.4034
0.104,0.267,0.629
0.3076,0.2302,0.4622
0.4028,0.2928,0.3044
0.3064,0.3268,0.3668
0.2086,0.0502,0.7412
0.325,0.335,0.34
0.1434,0.2173,0.6393
0.3885,0.3227,0.2888
0.3988,0.2896,0.3116
0.3014,0.3353,0.3633
0.4357,0.2591,0.3052
0.31,0.325,0.365
0.2535,0.341,0.4055
0.2028,0.4392,0.358
0.338,0.391,0.271
0.4294,0.174,0.3966
0.3175,0.2946,0.3879
0.1916,0.6176,0.1908
0.1906,0.2511,0.5583
0.2352,0.3132,0.4516
0.2229,0.3353,0.4418
0.2283,0.3133,0.4584
0.232,0.2836,0.4844
0.2224,0.3204,0.4572
0.346,0.374,0.28
0.4391,0.3109,0.25
0.424,0.212,0.364
0.3376,0.3668,0.2956
0.226,0.1848,0.5892
0.244,0.3495,0.4065
0.2492,0.2232,0.5276
0.2428,0.2088,0.5484
0.1288,0.3612,0.51
0.2656,0.4646,0.2698
0.402,0.2568,0.3412
0.4918,0.2064,0.3018
0.2788,0.2856,0.4356
0.361,0.2018,0.4372
0.536,0.2588,0.2052
0.276,0.37,0.354
0.3832,0.3004,0.3164
0.2,0.425,0.375
0.3982,0.3066,0.2952
0.282,0.337,0.381
0.2186,0.3356,0.4458
0.272,0.192,0.536
0.2811,0.2985,0.4204
0.3434,0.391,0.2656
0.066,0.828,0.106
0.2292,0.4166,0.3542
0.4034,0.3208,0.2758
0.2936,0.3668,0.3396
0.514,0.108,0.378
0.4764,0.1896,0.334
0.3775,0.2698,0.3527
0.2388,0.2298,0.5314
0.3816,0.3042,0.3142
0.1008,0.487,0.4122
0.089,0.296,0.615
0.392,0.2716,0.3364
0.44,0.104,0.456
0.2045,0.3,0.4955
0.5776,0.2128,0.2096
0.4025,0.243,0.3545
0.319,0.491,0.19
0.4048,0.3551,0.2401
0.304,0.328,0.368
0.315,0.378,0.307
0.3838,0.2771,0.3391
0.1688,0.5204,0.3108
0.1924,0.1634,0.6442
0.4304,0.2494,0.3202
0.522,0.2632,0.2148
0.4442,0.2563,0.2995
0.4496,0.2312,0.3192
0.4492,0.3052,0.2456
0.4926,0.2437,0.2637
0.0996,0.3888,0.5116
0.3207,0.2953,0.384
0.3477,0.3294,0.3229
0.613,0.1218,0.2652
0.1768,0.5491,0.2741
0.244,0.23,0.526
0.3026,0.4101,0.2873
0.292,0.264,0.444
0.2791,0.3521,0.3688
0.2759,0.385,0.3391
0.476,0.286,0.238
0.3106,0.2659,0.4235
0.266,0.445,0.289
0.2746,0.4072,0.3182
0.09,0.66,0.25
0.2592,0.296,0.4448
0.1854,0.1474,0.6672
0.2782,0.3555,0.3663
0.2349,0.3704,0.3947
0.2218,0.2874,0.4908
0.5152,0.2276,0.2572
0.3406,0.0826,0.5768
0.442,0.282,0.276
0.3861,0.3357,0.2782
0.2792,0.2328,0.488
0.2934,0.3486,0.358
0.4412,0.2582,0.3006
0.5014,0.3244,0.1742
0.2535,0.3474,0.3991
0.3586,0.3196,0.3218
0.2312,0.31,0.4588
0.2778,0.2998,0.4224
0.35,0.438,0.212
0.372,0.2678,0.3602
0.304,0.492,0.204
0.3636,0.2686,0.3678
0.1071,0.4861,0.4068
0.3976,0.238,0.3644
0.3088,0.3344,0.3568
0.3498,0.2596,0.3906
0.149,0.407,0.444
0.2834,0.2368,0.4798
0.2709,0.2156,0.5135
0.234,0.458,0.308
0.2836,0.3393,0.3771
0.5362,0.1534,0.3104
0.3446,0.1526,0.5028
0.1748,0.1488,0.6764
0.06,0.285,0.655
0.3518,0.2088,0.4394
0.1288,0.5254,0.3458
0.326,0.415,0.259
0.2052,0.3374,0.4574
0.3226,0.3181,0.3593
0.3108,0.3688,0.3204
0.296,0.3544,0.3496
0.3839,0.2574,0.3587
0.3398,0.2654,0.3948
0.1376,0.5244,0.338
0.369,0.2889,0.3421
0.3814,0.2992,0.3194
0.3151,0.3546,0.3303
0.5404,0.2736,0.186
0.3,0.208,0.492
0.2355,0.239,0.5255
0.1177,0.1673,0.715
0.3202,0.3222,0.3576
0.202,0.2176,0.5804
0.2425,0.3885,0.369
0.3142,0.2649,0.4209
0.252,0.2808,0.4672
0.3316,0.3744,0.294
0.1376,0.1346,0.7278
0.5085,0.1385,0.353
0.4356,0.3148,0.2496
0.2242,0.3172,0.4586
0.167,0.348,0.485
0.2446,0.5914,0.164
0.4995,0.248,0.2525
0.3135,0.3475,0.339
0.5156,0.2168,0.2676
0.228,0.105,0.667
0.3796,0.285,0.3354
0.3912,0.3222,0.2866
0.29,0.381,0.329
0.2732,0.3898,0.337
0.1044,0.3996,0.496
0.4463,0.1055,0.4482
0.1312,0.3262,0.5426
0.3849,0.2206,0.3945
0.2275,0.3309,0.4416
0.2488,0.2488,0.5024
0.08,0.181,0.739
0.315,0.237,0.448
0.206,0.429,0.365
0.267,0.516,0.217
0.442,0.292,0.266
0.1087,0.2286,0.6627
0.2417,0.3361,0.4222
0.452,0.346,0.202
0.2952,0.2442,0.4606
0.1931,0.3999,0.407
0.281,0.2898,0.4292
0.284,0.2002,0.5158
0.3786,0.2693,0.3521
0.46,0.228,0.312
0.362,0.2768,0.3612
0.4375,0.218,0.3445
0.3042,0.3849,0.3109
0.3164,0.352,0.3316
0.3377,0.3618,0.3005
0.2832,0.2581,0.4587
0.5605,0.1696,0.2699
0.3732,0.2724,0.3544
0.258,0.243,0.499
0.2694,0.3228,0.4078
0.4082,0.2194,0.3724
0.452,0.2524,0.2956
0.1647,0.3016,0.5337
0.4098,0.2156,0.3746
0.553,0.1768,0.2702
0.276,0.276,0.448
0.3018,0.3884,0.3098
0.379,0.379,0.242
0.4269,0.2699,0.3032
0.1781,0.5401,0.2818
0.3784,0.3576,0.264
0.1658,0.4478,0.3864
0.3116,0.2166,0.4718
0.2826,0.2792,0.4382
0.3547,0.1461,0.4992
0.2974,0.4092,0.2934
0.404,0.311,0.285
0.3276,0.2692,0.4032
0.4038,0.2934,0.3028
0.1733,0.3374,0.4893
0.1586,0.3456,0.4958
0.2636,0.2388,0.4976
0.3936,0.2184,0.388
0.2188,0.22,0.5612
0.2764,0.3781,0.3455
0.418,0.2426,0.3394
0.495,0.34,0.165
0.459,0.113,0.428
0.1923,0.6401,0.1676
0.3689,0.3858,0.2453
0.2468,0.2478,0.5054
0.3732,0.2624,0.3644
0.3748,0.306,0.3192
0.392,0.2176,0.3904
0.3298,0.2982,0.372
0.2268,0.3274,0.4458
0.5154,0.1704,0.3142
0.1369,0.552,0.3111
0.1728,0.3208,0.5064
0.259,0.3682,0.3728
0.3969,0.3926,0.2105
0.3546,0.3155,0.3299
0.31,0.395,0.295
0.174,0.208,0.618
0.5336,0.1728,0.2936
0.214,0.326,0.46
0.257,0.4195,0.3235
0.3891,0.3279,0.283
0.3477,0.3386,0.3137
0.2718,0.3418,0.3864
0.5916,0.1912,0.2172
0.045,0.519,0.436
0.4216,0.2759,0.3025
0.304,0.242,0.454
0.3156,0.3084,0.376
0.3372,0.3736,0.2892
0.2796,0.329,0.3914
0.0802,0.7246,0.1952
0.213,0.224,0.563
0.2898,0.3604,0.3498
0.5684,0.1612,0.2704
0.265,0.228,0.507
0.3524,0.3236,0.324
0.1848,0.1968,0.6184
0.372,0.326,0.302
0.1912,0.3132,0.4956
0.3083,0.2709,0.4208
0.612,0.2352,0.1528
0.3015,0.4132,0.2853
0.55,0.1678,0.2822
0.2266,0.4208,0.3526
0.2765,0.3885,0.335
0.2878,0.3956,0.3166
0.3051,0.2751,0.4198
0.406,0.286,0.308
0.2116,0.3078,0.4806
0.2878,0.3354,0.3768
0.5178,0.2428,0.2394
0.4645,0.2195,0.316
0.2052,0.3306,0.4642
0.3948,0.2504,0.3548
0.253,0.49,0.257
0.3076,0.2787,0.4137
0.2362,0.3242,0.4396
0.2969,0.3246,0.3785
0.325,0.215,0.46
0.35,0.285,0.365
0.2496,0.2877,0.4627
0.1488,0.1638,0.6874
0.312,0.435,0.253
0.3862,0.3062,0.3076
0.383,0.336,0.281
0.1588,0.1724,0.6688
0.2519,0.3831,0.365
0.3562,0.2396,0.4042
0.3174,0.1654,0.5172
0.2896,0.2272,0.4832
0.1368,0.158,0.7052
0.2507,0.3102,0.4391
0.2212,0.4334,0.3454
0.1523,0.1318,0.7159
0.4476,0.244,0.3084
0.267,0.3072,0.4258
0.144,0.382,0.474
0.2742,0.2618,0.464
0.2235,0.4425,0.334
0.3268,0.3952,0.278
0.314,0.2716,0.4144
0.2926,0.3242,0.3832
0.2198,0.2508,0.5294
0.2764,0.3858,0.3378
0.3003,0.3495,0.3502
0.2576,0.202,0.5404
0.2898,0.3308,0.3794
0.2952,0.308,0.3968
0.21,0.463,0.327
0.3096,0.339,0.3514
0.2205,0.5296,0.2499
0.4725,0.2793,0.2482
0.164,0.552,0.284
0.1146,0.2508,0.6346
0.334,0.258,0.408
0.1896,0.2196,0.5908
0.2192,0.1432,0.6376
0.416,0.193,0.391
0.2074,0.4182,0.3744
0.4418,0.319,0.2392
0.3151,0.2394,0.4455
0.196,0.249,0.555
0.1778,0.4965,0.3257
0.3548,0.3268,0.3184
0.2726,0.3044,0.423
0.2278,0.1838,0.5884
0.3248,0.3307,0.3445
0.1976,0.4394,0.363
0.3694,0.2084,0.4222
0.2412,0.306,0.4528
0.4096,0.2348,0.3556
0.3782,0.2515,0.3703
0.2668,0.3184,0.4148
0.263,0.2682,0.4688
0.5331,0.1952,0.2717
0.1643,0.4703,0.3654
0.1346,0.1258,0.7396
0.2495,0.3875,0.363
0.2552,0.4672,0.2776
0.3569,0.3147,0.3284
0.2065,0.431,0.3625
0.2526,0.4146,0.3328
0.188,0.3746,0.4374
0.3042,0.4358,0.26
0.2289,0.1305,0.6406
0.4334,0.34,0.2266
0.2002,0.2362,0.5636
0.2322,0.2482,0.5196
0.427,0.3316,0.2414
0.2228,0.4868,0.2904
0.2374,0.443,0.3196
0.2669,0.4122,0.3209
0.1668,0.2748,0.5584
0.2704,0.3188,0.4108
0.4396,0.2266,0.3338
0.1719,0.1711,0.657
0.2742,0.3802,0.3456
0.2883,0.3644,0.3473
0.166,0.201,0.633
0.1614,0.3048,0.5338
0.2364,0.1528,0.6108
0.1968,0.6034,0.1998
0.3704,0.3284,0.3012
0.3664,0.4339,0.1997
0.1925,0.3165,0.491
0.501,0.139,0.36
0.3722,0.3388,0.289
0.612,0.08,0.308
0.2446,0.2308,0.5246
0.4174,0.2526,0.33
0.262,0.304,0.434
0.17,0.372,0.458
0.2824,0.315,0.4026
0.4154,0.3444,0.2402
0.5862,0.1564,0.2574
0.3882,0.3276,0.2842
0.3257,0.2834,0.3909
0.3393,0.2822,0.3785
0.3496,0.4176,0.2328
0.5869,0.1306,0.2825
0.124,0.171,0.705
0.278,0.347,0.375
0.227,0.2158,0.5572
0.2376,0.3416,0.4208
0.2596,0.364,0.3764
0.2798,0.3912,0.329
0.1802,0.3574,0.4624
0.2508,0.1718,0.5774
0.2916,0.269,0.4394
0.0818,0.2374,0.6808
0.3534,0.211,0.4356
0.3842,0.2876,0.3282
0.3269,0.306,0.3671
0.2912,0.1738,0.535
0.468,0.2536,0.2784
0.2362,0.3028,0.461
0.268,0.452,0.28
0.4216,0.3036,0.2748
0.3066,0.2893,0.4041
0.2296,0.2666,0.5038
0.3244,0.3212,0.3544
0.1548,0.3532,0.492
0.0833,0.2914,0.6253
0.1938,0.2096,0.5966
0.333,0.2722,0.3948
0.195,0.3942,0.4108
0.3512,0.3716,0.2772
0.4312,0.2822,0.2866
0.337,0.331,0.332
0.3516,0.3922,0.2562
0.1928,0.3624,0.4448
0.2104,0.293,0.4966
0.1759,0.4743,0.3498
0.524,0.18,0.296
0.2,0.655,0.145
0.2028,0.4136,0.3836
0.2488,0.2338,0.5174
0.2652,0.3316,0.4032
0.281,0.361,0.358
0.4444,0.2296,0.326
0.1786,0.5862,0.2352
0.4142,0.1722,0.4136
0.144,0.412,0.444
0.2882,0.3124,0.3994
0.2434,0.3694,0.3872
0.142,0.178,0.68
0.1576,0.4732,0.3692
0.288,0.406,0.306
0.2816,0.2264,0.492
0.2776,0.4424,0.28
0.2637,0.4585,0.2778
0.3232,0.2908,0.386
0.2721,0.1111,0.6168
0.3858,0.1838,0.4304
0.3884,0.3321,0.2795
0.2478,0.3958,0.3564
0.248,0.43,0.322
0.384,0.334,0.282
0.3648,0.2876,0.3476
0.1638,0.5006,0.3356
0.3798,0.2478,0.3724
0.2826,0.1489,0.5685
0.2694,0.2792,0.4514
0.1642,0.3544,0.4814
0.2912,0.3964,0.3124
0.1737,0.2103,0.616
0.325,0.471,0.204
0.2516,0.4868,0.2616
0.3018,0.3151,0.3831
0.3512,0.2696,0.3792
0.1728,0.1728,0.6544
0.5808,0.1098,0.3094
0.2522,0.4674,0.2804
0.2731,0.2312,0.4957
0.3418,0.4196,0.2386
0.2758,0.2448,0.4794
0.3588,0.303,0.3382
0.162,0.178,0.66
0.4588,0.1608,0.3804
0.318,0.29,0.392
0.2136,0.3416,0.4448
0.379,0.337,0.284
0.214,0.294,0.492
0.1933,0.4997,0.307
0.2992,0.3436,0.3572
0.093,0.133,0.774
0.1825,0.1965,0.621
0.246,0.1752,0.5788
0.227,0.191,0.582
0.1974,0.3134,0.4892
0.31,0.17,0.52
0.1702,0.1692,0.6606
0.4082,0.3508,0.241
0.2453,0.393,0.3617
0.3974,0.3068,0.2958
0.2184,0.5432,0.2384
0.2384,0.321,0.4406
0.3624,0.2562,0.3814
0.4425,0.23,0.3275
0.364,0.2206,0.4154
0.344,0.229,0.427
0.2526,0.3894,0.358
0.3242,0.307,0.3688
0.278,0.303,0.419
0.231,0.378,0.391
0.2488,0.2076,0.5436
0.1944,0.2124,0.5932
0.227,0.354,0.419
0.274,0.1872,0.5388
0.335,0.279,0.386
0.1962,0.3222,0.4816
0.1296,0.3861,0.4843
0.239,0.415,0.346
0.3702,0.21,0.4198
0.4008,0.1269,0.4723
0.396,0.239,0.365
0.397,0.331,0.272
0.3662,0.2336,0.4002
0.393,0.189,0.418
0.3316,0.0956,0.5728
0.1818,0.491,0.3272
0.3112,0.2954,0.3934
0.437,0.299,0.264
0.3372,0.3016,0.3612
0.3039,0.1782,0.5179
0.1952,0.2644,0.5404
0.2958,0.3484,0.3558
0.3426,0.3268,0.3306
0.4709,0.3084,0.2207
0.2589,0.3742,0.3669
0.3492,0.3398,0.311
0.3106,0.2012,0.4882
0.3114,0.2538,0.4348
0.3524,0.2296,0.418
0.2346,0.4519,0.3135
0.2888,0.2665,0.4447
0.2764,0.2904,0.4332
0.3886,0.2096,0.4018
0.3161,0.2371,0.4468
0.2938,0.3638,0.3424
0.2955,0.2778,0.4267
0.2755,0.3022,0.4223
0.2601,0.4012,0.3387
0.3055,0.2305,0.464
0.2492,0.3048,0.446
0.538,0.2508,0.2112
0.2694,0.4356,0.295
0.1748,0.5548,0.2704
0.3886,0.2006,0.4108
0.5344,0.148,0.3176
0.2386,0.3106,0.4508
0.2942,0.4076,0.2982
0.3764,0.2899,0.3337
0.1993,0.2658,0.5349
0.3456,0.2026,0.4518
0.3662,0.3344,0.2994
0.14,0.324,0.536
0.252,0.424,0.324
0.334,0.293,0.373
0.2815,0.1565,0.562
0.2064,0.143,0.6506
0.2887,0.2969,0.4144
0.2972,0.2624,0.4404
0.224,0.251,0.525
0.1904,0.2094,0.6002
0.2247,0.2838,0.4915
0.351,0.3325,0.3165
0.276,0.381,0.343
0.3776,0.3168,0.3056
0.1598,0.455,0.3852
0.2934,0.3458,0.3608
0.3762,0.2804,0.3434
0.297,0.47,0.233
0.5172,0.2588,0.224
0.3578,0.3678,0.2744
0.2092,0.3692,0.4216
0.1484,0.1824,0.6692
0.2335,0.3245,0.442
0.3298,0.317,0.3532
0.1764,0.1576,0.666
0.2488,0.2556,0.4956
0.3146,0.3892,0.2962
0.129,0.191,0.68
0.287,0.3257,0.3873
0.2586,0.1734,0.568
0.417,0.344,0.239
0.0842,0.7692,0.1466
0.3848,0.2854,0.3298
0.4002,0.2062,0.3936
0.5342,0.208,0.2578
0.1723,0.3023,0.5254
0.4644,0.2324,0.3032
0.201,0.1276,0.6714
0.47,0.259,0.271
0.2208,0.3968,0.3824
0.2264,0.3422,0.4314
0.318,0.2502,0.4318
0.2526,0.2883,0.4591
0.2428,0.4965,0.2607
0.2153,0.1583,0.6264
0.3348,0.3248,0.3404
0.4198,0.2804,0.2998
0.2817,0.3483,0.37
0.364,0.3716,0.2644
0.321,0.3426,0.3364
0.4532,0.3538,0.193
0.267,0.388,0.345
0.3305,0.3772,0.2923
0.4108,0.2286,0.3606
0.2992,0.5039,0.1969
0.3449,0.1532,0.5019
0.38,0.31,0.31
0.2766,0.3436,0.3798
0.4709,0.2699,0.2592
0.2796,0.3344,0.386
0.0845,0.4005,0.515
0.3048,0.3444,0.3508
0.318,0.258,0.424
0.303,0.385,0.312
0.3624,0.3016,0.336
0.1084,0.466,0.4256
0.3248,0.2382,0.437
0.4168,0.2146,0.3686
0.4815,0.3835,0.135
0.107,0.328,0.565
0.3304,0.3198,0.3498
0.3748,0.2004,0.4248
0.2725,0.2829,0.4446
0.2568,0.3596,0.3836
0.3498,0.1788,0.4714
0.3776,0.2824,0.34
0.127,0.3108,0.5622
0.3355,0.385,0.2795
0.3016,0.1886,0.5098
0.13,0.16,0.71
0.432,0.394,0.174
0.126,0.132,0.742
0.3094,0.3282,0.3624
0.2006,0.2121,0.5873
0.155,0.571,0.274
0.4226,0.2443,0.3331
0.3156,0.3412,0.3432
0.2748,0.4468,0.2784
0.4061,0.2886,0.3053
0.3402,0.3238,0.336
0.313,0.321,0.366
0.3264,0.2832,0.3904
0.2416,0.4314,0.327
0.3012,0.3986,0.3002
0.2082,0.5457,0.2461
0.6131,0.2132,0.1737
0.2757,0.3254,0.3989
0.3759,0.2765,0.3476
0.1376,0.1348,0.7276
